0.0 0
1.9 1
1.7 2
2.1 3
1.7 4
1.3 5
1.1 6
1.4 7
1.8 8
1.4 9
1.7 10
1.4 11
1.7 12
2.0 13
1.9 14
2.2 15
2.1 16
2.0 17
2.1 18
2.1 19
2.2 20
1.6 21
1.5 22
1.1 23
1.8 24
0.9 25
1.0 26
0.8 27
0.7 28
0.9 29
1.0 30
1.1 31
1.0 32
1.4 33
1.4 34
1.5 35
1.7 36
2.0 37
2.0 38
2.0 39
1.7 40
2.0 41
1.8 42
1.8 43
0.9 44
1.8 45
1.8 46
1.9 47
1.9 48
1.6 49
1.9 50
1.8 51
2.0 52
1.8 53
1.9 54
1.5 55
1.3 56
1.3 57
2.0 58
2.0 59
2.3 60
1.8 61
2.1 62
2.0 63
2.3 64
2.1 65
2.1 66
2.3 67
2.1 68
2.1 69
2.0 70
2.1 71
2.0 72
2.1 73
2.0 74
1.9 75
2.0 76
2.0 77
2.2 78
2.3 79
2.2 80
2.4 81
2.1 82
2.1 83
1.7 84
2.0 85
2.0 86
2.3 87
1.8 88
2.0 89
2.1 90
1.9 91
2.3 92
1.9 93
1.8 94
2.0 95
2.0 96
2.2 97
2.0 98
2.0 99
2.0 100
2.3 101
2.1 102
2.1 103
2.1 104
2.0 105
2.1 106
2.1 107
2.4 108
2.2 109
2.3 110
2.0 111
2.2 112
2.1 113
2.1 114
2.0 115
2.2 116
2.0 117
2.1 118
2.3 119
2.3 120
2.4 121
2.1 122
2.1 123
2.2 124
2.3 125
2.0 126
2.2 127
2.3 128
2.2 129
2.3 130
2.1 131
2.1 132
2.3 133
2.3 134
2.1 135
2.3 136
2.3 137
2.1 138
2.2 139
2.3 140
2.3 141
2.4 142
2.2 143
2.5 144
1.9 145
2.4 146
2.0 147
2.1 148
2.2 149
2.0 150
2.4 151
2.4 152
2.1 153
2.1 154
2.3 155
2.5 156
2.1 157
2.2 158
2.3 159
2.1 160
2.3 161
2.3 162
2.2 163
2.4 164
2.3 165
2.5 166
2.4 167
2.0 168
2.4 169
2.3 170
2.2 171
2.4 172
2.1 173
2.4 174
1.9 175
2.3 176
2.2 177
2.3 178
2.1 179
2.3 180
2.1 181
2.2 182
2.2 183
2.2 184
2.1 185
2.0 186
2.1 187
2.1 188
1.9 189
2.0 190
1.3 191
2.1 192
2.0 193
2.4 194
2.6 195
2.3 196
2.3 197
2.1 198
2.2 199
2.4 200
2.4 201
1.8 202
2.2 203
2.4 204
2.0 205
2.4 206
2.1 207
2.2 208
2.3 209
2.4 210
2.4 211
2.1 212
2.4 213
2.2 214
2.2 215
2.4 216
2.1 217
2.3 218
2.3 219
2.0 220
2.3 221
2.3 222
2.2 223
2.4 224
2.2 225
2.2 226
1.4 227
2.1 228
2.2 229
1.8 230
2.2 231
2.4 232
2.4 233
2.0 234
2.0 235
2.3 236
2.3 237
2.4 238
2.2 239
2.0 240
2.2 241
2.3 242
2.4 243
2.3 244
2.0 245
2.4 246
2.3 247
2.3 248
2.3 249
2.1 250
2.3 251
2.3 252
2.2 253
2.0 254
2.1 255
2.1 256
1.9 257
2.1 258
2.2 259
2.1 260
2.2 261
1.7 262
1.6 263
0.8 264
0.8 265
0.9 266
0.9 267
1.0 268
0.9 269
1.8 270
2.3 271
2.0 272
2.3 273
2.1 274
2.1 275
1.8 276
2.0 277
2.2 278
2.3 279
1.9 280
2.1 281
2.0 282
2.1 283
2.1 284
1.7 285
2.0 286
2.1 287
2.2 288
2.2 289
2.1 290
2.2 291
2.3 292
2.0 293
2.1 294
2.0 295
1.8 296
2.1 297
2.3 298
2.0 299
2.0 300
2.1 301
2.1 302
2.1 303
2.1 304
1.9 305
2.0 306
2.2 307
2.1 308
2.1 309
2.0 310
2.1 311
2.1 312
2.3 313
2.1 314
1.8 315
2.1 316
2.2 317
2.3 318
2.4 319
2.4 320
1.9 321
2.1 322
2.8 323
2.2 324
2.2 325
2.3 326
2.3 327
2.4 328
2.1 329
1.2 330
2.3 331
2.3 332
2.2 333
2.0 334
2.0 335
2.2 336
2.3 337
2.4 338
2.3 339
2.0 340
2.0 341
2.0 342
2.1 343
1.4 344
1.8 345
1.8 346
1.7 347
1.6 348
1.8 349
1.9 350
1.8 351
2.3 352
2.2 353
1.7 354
1.9 355
2.1 356
2.2 357
2.1 358
1.9 359
2.1 360
2.0 361
2.1 362
2.0 363
2.0 364
1.9 365
2.2 366
2.0 367
1.9 368
2.2 369
1.8 370
2.0 371
2.0 372
2.1 373
1.7 374
2.1 375
2.1 376
2.1 377
2.0 378
1.9 379
2.0 380
2.1 381
1.9 382
2.3 383
2.0 384
2.0 385
2.0 386
2.2 387
2.1 388
2.1 389
2.1 390
2.0 391
2.0 392
2.1 393
2.0 394
2.0 395
2.1 396
1.9 397
2.0 398
2.1 399
2.0 400
2.0 401
2.0 402
1.8 403
2.0 404
2.0 405
2.1 406
2.0 407
2.1 408
2.1 409
2.0 410
2.1 411
2.1 412
1.9 413
2.0 414
1.9 415
2.1 416
1.9 417
2.1 418
2.0 419
2.0 420
2.0 421
2.1 422
1.8 423
2.2 424
2.0 425
2.0 426
2.1 427
2.2 428
2.0 429
1.9 430
1.7 431
2.1 432
2.0 433
2.1 434
2.0 435
2.1 436
2.1 437
2.0 438
2.1 439
2.0 440
2.0 441
1.8 442
2.3 443
2.2 444
1.9 445
2.0 446
1.9 447
2.1 448
1.9 449
1.2 450
1.9 451
2.1 452
2.0 453
2.1 454
2.2 455
2.0 456
2.0 457
2.1 458
2.1 459
1.9 460
1.7 461
1.8 462
2.1 463
2.2 464
2.1 465
2.0 466
2.1 467
1.9 468
2.0 469
1.9 470
2.0 471
2.2 472
2.2 473
1.9 474
1.8 475
2.1 476
2.0 477
1.9 478
1.8 479
2.0 480
2.1 481
2.0 482
2.0 483
1.9 484
2.1 485
1.9 486
2.1 487
1.1 488
1.8 489
2.0 490
2.1 491
2.0 492
1.9 493
2.2 494
2.2 495
2.1 496
1.8 497
2.1 498
2.1 499
2.3 500
2.2 501
1.6 502
1.2 503
0.8 504
0.7 505
0.7 506
0.8 507
0.8 508
1.0 509
2.2 510
2.0 511
2.1 512
2.1 513
2.1 514
2.1 515
2.1 516
2.0 517
2.1 518
1.6 519
1.7 520
2.1 521
1.9 522
2.1 523
2.2 524
2.0 525
2.1 526
1.9 527
2.1 528
1.9 529
2.3 530
2.0 531
2.1 532
2.2 533
2.2 534
1.9 535
2.2 536
2.0 537
1.9 538
2.0 539
2.1 540
2.1 541
2.1 542
1.7 543
1.5 544
2.2 545
1.9 546
1.7 547
2.2 548
2.1 549
1.9 550
2.0 551
2.1 552
2.1 553
2.0 554
2.0 555
1.9 556
1.9 557
2.1 558
2.0 559
2.2 560
2.0 561
2.0 562
2.2 563
2.1 564
1.9 565
1.9 566
1.9 567
2.0 568
2.0 569
2.2 570
2.2 571
2.0 572
2.0 573
2.0 574
1.8 575
1.9 576
2.1 577
1.9 578
2.0 579
2.0 580
2.2 581
1.9 582
2.0 583
2.1 584
2.0 585
1.9 586
1.9 587
2.0 588
1.0 589
2.0 590
2.1 591
2.2 592
2.0 593
2.0 594
2.0 595
1.9 596
2.1 597
1.8 598
1.4 599
2.0 600
1.9 601
2.0 602
1.8 603
2.0 604
1.9 605
2.1 606
2.1 607
2.1 608
2.1 609
1.9 610
1.9 611
2.0 612
2.2 613
2.1 614
2.1 615
2.2 616
2.1 617
2.1 618
2.0 619
2.0 620
2.1 621
2.0 622
1.4 623
0.8 624
0.8 625
0.8 626
0.8 627
0.8 628
0.8 629
2.3 630
2.0 631
1.6 632
1.2 633
2.1 634
1.9 635
2.2 636
1.9 637
1.9 638
2.0 639
1.9 640
2.1 641
2.0 642
2.1 643
2.0 644
2.0 645
2.0 646
2.0 647
2.0 648
2.0 649
2.0 650
2.0 651
2.0 652
2.1 653
2.1 654
1.3 655
1.4 656
2.0 657
1.8 658
2.0 659
1.8 660
1.9 661
2.1 662
2.0 663
1.8 664
2.0 665
2.0 666
2.1 667
2.0 668
2.0 669
1.9 670
2.1 671
2.0 672
2.0 673
2.1 674
1.8 675
1.9 676
2.1 677
1.9 678
2.0 679
2.1 680
2.1 681
2.0 682
2.3 683
2.0 684
1.8 685
2.0 686
1.9 687
1.7 688
2.1 689
2.1 690
2.1 691
2.1 692
2.0 693
1.9 694
2.0 695
2.1 696
2.1 697
2.1 698
2.0 699
1.9 700
2.1 701
2.0 702
1.9 703
1.8 704
1.8 705
1.9 706
2.0 707
1.9 708
2.0 709
2.0 710
1.9 711
1.9 712
1.0 713
1.7 714
2.0 715
2.1 716
1.7 717
2.1 718
2.0 719
2.1 720
1.9 721
2.0 722
2.0 723
1.9 724
2.1 725
2.0 726
1.9 727
1.9 728
2.1 729
2.0 730
2.1 731
2.0 732
2.2 733
2.0 734
2.0 735
1.0 736
2.0 737
2.1 738
2.1 739
2.0 740
1.9 741
1.9 742
2.2 743
2.1 744
1.9 745
1.5 746
1.9 747
2.0 748
2.1 749
2.1 750
1.9 751
1.9 752
2.1 753
1.9 754
2.0 755
2.1 756
1.9 757
2.0 758
1.9 759
1.9 760
2.0 761
2.0 762
2.1 763
2.0 764
2.0 765
2.0 766
2.1 767
2.0 768
1.9 769
2.1 770
2.0 771
2.1 772
2.1 773
1.9 774
1.4 775
1.3 776
1.7 777
2.0 778
2.0 779
2.0 780
1.9 781
2.0 782
2.0 783
1.9 784
2.0 785
2.1 786
1.8 787
2.1 788
2.1 789
1.8 790
1.9 791
1.9 792
2.0 793
1.9 794
2.1 795
2.0 796
2.0 797
1.9 798
2.1 799
2.0 800
2.0 801
2.2 802
2.4 803
1.9 804
1.8 805
2.0 806
1.6 807
2.1 808
2.2 809
2.2 810
2.1 811
2.0 812
1.9 813
2.1 814
1.9 815
2.0 816
1.9 817
2.0 818
1.8 819
1.9 820
1.9 821
1.9 822
2.0 823
1.8 824
2.1 825
2.0 826
1.8 827
2.0 828
1.9 829
1.9 830
2.1 831
2.0 832
1.9 833
1.8 834
1.9 835
1.8 836
2.0 837
2.1 838
2.0 839
1.9 840
2.1 841
1.8 842
2.1 843
2.1 844
1.8 845
2.0 846
2.1 847
2.1 848
1.9 849
2.0 850
2.1 851
1.9 852
2.1 853
1.9 854
2.0 855
2.0 856
2.0 857
2.0 858
2.0 859
1.9 860
2.0 861
2.1 862
2.0 863
1.0 864
1.0 865
0.9 866
0.9 867
1.1 868
1.5 869
1.0 870
1.4 871
2.2 872
2.1 873
2.0 874
2.1 875
1.9 876
2.1 877
2.0 878
1.9 879
2.0 880
1.8 881
1.3 882
1.9 883
2.0 884
2.0 885
2.1 886
2.1 887
1.9 888
2.0 889
2.1 890
1.9 891
2.1 892
2.1 893
1.9 894
2.0 895
1.6 896
1.1 897
2.1 898
2.0 899
2.0 900
1.9 901
2.0 902
1.9 903
2.0 904
2.1 905
2.2 906
2.0 907
2.1 908
1.8 909
2.1 910
2.1 911
2.0 912
2.0 913
2.1 914
2.0 915
2.0 916
2.1 917
2.1 918
2.0 919
1.9 920
1.9 921
2.0 922
2.2 923
1.8 924
1.8 925
1.9 926
1.8 927
2.0 928
2.0 929
2.1 930
2.1 931
2.1 932
2.0 933
2.0 934
2.0 935
2.1 936
1.9 937
2.1 938
1.9 939
2.1 940
2.1 941
2.0 942
2.0 943
1.9 944
2.1 945
2.1 946
2.0 947
2.0 948
2.2 949
2.1 950
2.2 951
2.2 952
2.0 953
1.9 954
2.0 955
1.9 956
1.7 957
2.0 958
2.1 959
2.0 960
2.0 961
2.0 962
1.9 963
2.2 964
1.9 965
1.8 966
2.0 967
2.0 968
2.0 969
2.0 970
1.8 971
2.2 972
2.0 973
2.1 974
2.0 975
2.1 976
1.9 977
2.1 978
2.0 979
2.1 980
2.1 981
1.9 982
2.2 983
1.9 984
2.0 985
2.0 986
1.7 987
2.0 988
2.1 989
2.1 990
2.0 991
2.1 992
2.1 993
2.0 994
2.0 995
2.0 996
2.0 997
2.0 998
1.8 999
2.1 1000
1.9 1001
1.9 1002
2.0 1003
1.5 1004
1.4 1005
2.0 1006
2.0 1007
2.0 1008
2.0 1009
2.1 1010
2.2 1011
2.1 1012
1.4 1013
1.4 1014
2.1 1015
1.8 1016
2.1 1017
2.2 1018
2.1 1019
2.1 1020
2.0 1021
2.1 1022
2.1 1023
2.1 1024
2.0 1025
2.0 1026
2.1 1027
2.1 1028
1.8 1029
1.9 1030
2.0 1031
1.8 1032
2.1 1033
1.9 1034
2.0 1035
2.2 1036
2.0 1037
2.1 1038
1.9 1039
2.0 1040
2.0 1041
2.1 1042
2.4 1043
2.1 1044
2.0 1045
2.0 1046
1.7 1047
2.2 1048
2.1 1049
2.1 1050
2.1 1051
2.2 1052
2.3 1053
2.1 1054
2.2 1055
1.9 1056
2.2 1057
2.1 1058
1.9 1059
1.9 1060
2.0 1061
2.1 1062
2.0 1063
2.0 1064
2.0 1065
1.9 1066
2.0 1067
2.1 1068
2.1 1069
2.1 1070
2.1 1071
1.9 1072
2.1 1073
1.7 1074
1.8 1075
2.3 1076
1.9 1077
2.1 1078
2.0 1079
2.1 1080
1.1 1081
1.8 1082
38.3 1083
79.6 1084
90.4 1085
81.1 1086
107.5 1087
75.7 1088
71.0 1089
75.7 1090
72.9 1091
76.9 1092
48.0 1093
84.3 1094
84.0 1095
88.4 1096
90.3 1097
90.5 1098
98.3 1099
87.2 1100
90.2 1101
87.3 1102
93.0 1103
82.9 1104
71.8 1105
72.9 1106
47.5 1107
73.2 1108
78.8 1109
75.0 1110
74.2 1111
71.6 1112
45.8 1113
46.6 1114
61.8 1115
55.4 1116
54.4 1117
45.3 1118
51.5 1119
59.2 1120
47.9 1121
28.8 1122
43.8 1123
35.0 1124
50.0 1125
44.3 1126
48.2 1127
42.0 1128
63.1 1129
55.5 1130
54.3 1131
49.5 1132
54.1 1133
59.0 1134
59.6 1135
48.8 1136
46.1 1137
35.9 1138
40.2 1139
48.2 1140
45.4 1141
46.4 1142
56.7 1143
47.3 1144
46.3 1145
42.8 1146
43.7 1147
58.1 1148
56.9 1149
60.7 1150
59.9 1151
61.0 1152
60.5 1153
60.0 1154
55.9 1155
40.1 1156
30.7 1157
53.9 1158
63.2 1159
47.5 1160
61.3 1161
59.5 1162
65.4 1163
55.0 1164
58.7 1165
45.0 1166
32.9 1167
36.6 1168
19.5 1169
31.2 1170
54.8 1171
52.8 1172
52.4 1173
59.5 1174
44.9 1175
55.5 1176
55.4 1177
56.4 1178
43.6 1179
49.1 1180
45.4 1181
34.4 1182
33.3 1183
38.3 1184
40.8 1185
51.1 1186
37.4 1187
58.0 1188
58.5 1189
57.1 1190
54.2 1191
62.3 1192
53.3 1193
49.2 1194
57.3 1195
47.5 1196
51.7 1197
59.4 1198
71.9 1199
71.7 1200
70.5 1201
69.6 1202
72.9 1203
75.3 1204
74.2 1205
71.3 1206
68.6 1207
67.6 1208
60.7 1209
46.2 1210
67.5 1211
72.0 1212
77.3 1213
78.0 1214
76.0 1215
78.3 1216
77.2 1217
77.0 1218
62.0 1219
65.3 1220
66.7 1221
73.4 1222
80.6 1223
81.9 1224
68.5 1225
76.4 1226
75.6 1227
79.3 1228
78.9 1229
76.3 1230
78.5 1231
55.6 1232
52.6 1233
62.9 1234
63.9 1235
80.3 1236
83.5 1237
86.7 1238
83.1 1239
84.6 1240
86.8 1241
76.7 1242
81.6 1243
78.9 1244
87.4 1245
81.0 1246
69.6 1247
74.2 1248
50.8 1249
46.8 1250
51.2 1251
61.8 1252
72.9 1253
75.4 1254
64.9 1255
67.6 1256
74.0 1257
65.5 1258
73.2 1259
73.3 1260
75.1 1261
70.2 1262
78.0 1263
71.9 1264
94.9 1265
99.1 1266
104.5 1267
73.5 1268
2.3 1269
1.0 1270
1.3 1271
1.5 1272
0.9 1273
1.1 1274
1.6 1275
1.9 1276
1.8 1277
1.9 1278
1.7 1279
1.9 1280
1.8 1281
2.5 1282
1.1 1283
0.9 1284
1.0 1285
0.9 1286
0.9 1287
1.4 1288
1.5 1289
1.8 1290
1.8 1291
1.9 1292
1.9 1293
1.9 1294
1.7 1295
1.2 1296
2.0 1297
1.0 1298
1.5 1299
1.8 1300
1.6 1301
1.3 1302
2.0 1303
1.7 1304
1.9 1305
1.1 1306
1.5 1307
1.8 1308
1.9 1309
1.7 1310
1.0 1311
1.6 1312
2.0 1313
1.7 1314
1.8 1315
1.8 1316
1.7 1317
1.8 1318
1.9 1319
2.1 1320
2.0 1321
1.0 1322
1.4 1323
1.2 1324
1.9 1325
1.8 1326
2.0 1327
1.9 1328
1.6 1329
2.0 1330
2.1 1331
1.7 1332
1.8 1333
1.3 1334
2.1 1335
1.0 1336
1.7 1337
2.0 1338
2.0 1339
1.8 1340
2.1 1341
5.0 1342
1.7 1343
1.9 1344
2.0 1345
2.0 1346
1.9 1347
1.2 1348
1.9 1349
1.9 1350
1.9 1351
2.0 1352
1.9 1353
2.0 1354
2.1 1355
2.0 1356
2.1 1357
1.1 1358
1.7 1359
2.1 1360
0.9 1361
1.8 1362
2.0 1363
2.0 1364
2.0 1365
2.0 1366
1.6 1367
1.5 1368
1.8 1369
1.7 1370
1.9 1371
1.9 1372
1.5 1373
1.2 1374
1.9 1375
1.9 1376
1.9 1377
1.4 1378
1.4 1379
1.9 1380
2.0 1381
1.8 1382
1.8 1383
1.3 1384
2.0 1385
1.0 1386
2.1 1387
1.8 1388
1.6 1389
1.9 1390
1.7 1391
1.8 1392
2.1 1393
1.9 1394
2.1 1395
0.9 1396
1.9 1397
1.0 1398
1.6 1399
1.9 1400
1.9 1401
2.9 1402
1.8 1403
1.9 1404
1.9 1405
2.1 1406
1.9 1407
1.0 1408
2.1 1409
1.9 1410
1.0 1411
2.0 1412
1.9 1413
1.9 1414
2.0 1415
2.0 1416
1.9 1417
2.0 1418
1.8 1419
1.8 1420
1.3 1421
2.1 1422
1.2 1423
1.7 1424
1.8 1425
1.9 1426
1.7 1427
2.0 1428
2.1 1429
1.9 1430
1.9 1431
2.0 1432
1.9 1433
1.6 1434
1.8 1435
1.3 1436
2.1 1437
2.0 1438
2.0 1439
1.8 1440
1.9 1441
2.1 1442
1.9 1443
2.1 1444
2.0 1445
1.7 1446
1.3 1447
1.4 1448
1.6 1449
1.7 1450
1.8 1451
1.8 1452
2.1 1453
2.0 1454
2.0 1455
1.8 1456
1.9 1457
1.9 1458
1.9 1459
1.4 1460
1.3 1461
2.3 1462
2.1 1463
1.9 1464
2.1 1465
1.6 1466
1.6 1467
1.9 1468
2.1 1469
1.3 1470
0.9 1471
1.0 1472
1.1 1473
1.0 1474
1.1 1475
1.0 1476
1.1 1477
1.1 1478
1.0 1479
1.4 1480
1.2 1481
1.9 1482
1.8 1483
0.8 1484
1.8 1485
1.7 1486
1.0 1487
2.0 1488
2.0 1489
1.9 1490
1.9 1491
1.9 1492
2.0 1493
1.9 1494
2.1 1495
1.4 1496
1.4 1497
1.9 1498
1.9 1499
1.9 1500
1.9 1501
2.1 1502
1.9 1503
2.0 1504
2.1 1505
2.1 1506
0.9 1507
1.8 1508
0.9 1509
1.7 1510
1.9 1511
2.0 1512
1.8 1513
2.0 1514
2.0 1515
2.0 1516
1.9 1517
2.0 1518
2.0 1519
1.8 1520
1.3 1521
2.0 1522
2.0 1523
1.9 1524
1.9 1525
1.9 1526
2.0 1527
1.9 1528
2.1 1529
1.9 1530
1.4 1531
1.7 1532
1.5 1533
1.3 1534
2.1 1535
1.9 1536
1.9 1537
1.6 1538
1.9 1539
1.9 1540
1.9 1541
1.9 1542
1.8 1543
1.0 1544
1.6 1545
1.3 1546
2.0 1547
1.8 1548
1.8 1549
1.9 1550
1.7 1551
1.8 1552
1.8 1553
1.9 1554
1.7 1555
1.9 1556
1.5 1557
1.3 1558
2.0 1559
1.8 1560
1.7 1561
2.0 1562
1.7 1563
2.0 1564
2.0 1565
1.0 1566
2.0 1567
2.0 1568
1.6 1569
1.1 1570
1.9 1571
2.0 1572
1.8 1573
2.1 1574
1.9 1575
2.1 1576
1.8 1577
1.8 1578
2.1 1579
1.5 1580
1.6 1581
1.8 1582
2.0 1583
1.4 1584
0.8 1585
2.0 1586
1.5 1587
0.8 1588
0.9 1589
0.9 1590
1.1 1591
0.9 1592
1.2 1593
1.8 1594
1.8 1595
1.6 1596
1.2 1597
1.9 1598
1.0 1599
1.3 1600
0.6 1601
0.9 1602
1.0 1603
1.1 1604
1.4 1605
1.9 1606
1.9 1607
0.8 1608
0.7 1609
1.5 1610
1.5 1611
1.6 1612
1.4 1613
2.2 1614
1.8 1615
1.5 1616
1.4 1617
0.8 1618
1.2 1619
1.6 1620
1.6 1621
1.5 1622
1.3 1623
1.9 1624
1.7 1625
2.0 1626
1.7 1627
1.6 1628
1.2 1629
1.9 1630
1.9 1631
1.9 1632
1.6 1633
2.2 1634
1.4 1635
1.8 1636
1.1 1637
1.5 1638
1.1 1639
1.3 1640
2.0 1641
2.9 1642
1.7 1643
2.1 1644
2.0 1645
1.6 1646
1.1 1647
1.4 1648
1.5 1649
1.9 1650
1.8 1651
2.1 1652
1.8 1653
2.3 1654
2.0 1655
1.3 1656
1.7 1657
1.3 1658
0.8 1659
0.7 1660
1.1 1661
1.7 1662
0.8 1663
1.3 1664
1.8 1665
1.3 1666
1.3 1667
1.1 1668
1.3 1669
0.7 1670
0.7 1671
1.2 1672
1.1 1673
0.8 1674
0.7 1675
0.6 1676
0.5 1677
0.6 1678
0.7 1679
0.6 1680
0.6 1681
0.8 1682
0.6 1683
0.8 1684
1.2 1685
2.1 1686
1.9 1687
1.8 1688
1.6 1689
1.6 1690
2.0 1691
1.0 1692
1.3 1693
0.7 1694
1.3 1695
0.7 1696
0.7 1697
1.2 1698
1.5 1699
1.9 1700
1.0 1701
2.7 1702
1.1 1703
1.3 1704
1.5 1705
1.3 1706
1.3 1707
1.8 1708
1.3 1709
1.6 1710
1.2 1711
0.9 1712
0.8 1713
0.8 1714
0.9 1715
0.9 1716
1.0 1717
1.0 1718
1.0 1719
0.9 1720
0.7 1721
1.6 1722
0.8 1723
1.3 1724
1.8 1725
2.1 1726
1.5 1727
1.6 1728
2.0 1729
1.6 1730
1.5 1731
1.2 1732
0.7 1733
1.8 1734
1.6 1735
1.5 1736
1.7 1737
2.1 1738
2.0 1739
2.1 1740
1.4 1741
1.8 1742
0.9 1743
1.8 1744
1.1 1745
1.8 1746
1.8 1747
1.9 1748
1.4 1749
1.5 1750
1.4 1751
1.7 1752
1.7 1753
2.0 1754
1.3 1755
1.9 1756
1.1 1757
1.8 1758
2.0 1759
1.9 1760
1.7 1761
2.5 1762
1.7 1763
1.0 1764
1.9 1765
1.3 1766
1.6 1767
1.8 1768
1.2 1769
1.5 1770
1.4 1771
1.8 1772
2.1 1773
1.8 1774
2.0 1775
1.7 1776
1.2 1777
0.9 1778
1.8 1779
1.7 1780
1.0 1781
1.5 1782
1.7 1783
1.5 1784
1.3 1785
1.5 1786
1.8 1787
2.0 1788
1.9 1789
2.1 1790
1.5 1791
1.7 1792
1.2 1793
2.1 1794
1.7 1795
1.9 1796
2.0 1797
2.0 1798
1.9 1799
1.8 1800
1.4 1801
1.9 1802
1.9 1803
1.7 1804
0.8 1805
1.5 1806
1.2 1807
1.6 1808
1.5 1809
1.6 1810
1.6 1811
1.2 1812
2.1 1813
2.0 1814
1.4 1815
1.2 1816
0.9 1817
0.7 1818
0.5 1819
0.8 1820
0.8 1821
2.3 1822
1.3 1823
1.7 1824
1.8 1825
1.2 1826
1.0 1827
1.4 1828
0.9 1829
0.9 1830
1.3 1831
1.4 1832
0.8 1833
0.9 1834
0.9 1835
0.9 1836
0.7 1837
0.9 1838
0.8 1839
0.8 1840
0.7 1841
0.9 1842
0.8 1843
1.4 1844
0.8 1845
1.3 1846
1.0 1847
1.5 1848
1.5 1849
1.1 1850
1.1 1851
0.6 1852
0.8 1853
0.8 1854
0.5 1855
0.6 1856
1.1 1857
2.0 1858
1.7 1859
1.8 1860
1.7 1861
1.5 1862
0.6 1863
1.5 1864
1.3 1865
1.9 1866
1.0 1867
1.9 1868
1.8 1869
2.0 1870
1.8 1871
1.6 1872
1.3 1873
1.8 1874
1.9 1875
1.6 1876
0.9 1877
1.5 1878
1.1 1879
0.6 1880
0.6 1881
1.4 1882
0.7 1883
0.9 1884
1.3 1885
1.0 1886
1.5 1887
1.3 1888
0.8 1889
0.7 1890
0.6 1891
0.9 1892
0.6 1893
0.8 1894
1.2 1895
1.8 1896
1.9 1897
1.0 1898
0.6 1899
1.2 1900
0.9 1901
1.0 1902
1.2 1903
0.8 1904
0.7 1905
1.2 1906
1.2 1907
1.2 1908
1.6 1909
1.6 1910
1.3 1911
1.5 1912
1.3 1913
1.3 1914
0.7 1915
1.2 1916
1.4 1917
1.4 1918
0.8 1919
1.2 1920
1.8 1921
1.9 1922
1.3 1923
1.9 1924
1.0 1925
1.4 1926
1.4 1927
0.7 1928
1.2 1929
1.4 1930
1.0 1931
1.7 1932
1.1 1933
1.4 1934
1.6 1935
1.6 1936
1.1 1937
1.1 1938
1.8 1939
1.9 1940
1.5 1941
2.3 1942
1.0 1943
1.5 1944
1.6 1945
1.6 1946
1.8 1947
2.0 1948
2.0 1949
2.1 1950
1.9 1951
1.2 1952
0.9 1953
1.4 1954
0.7 1955
0.5 1956
0.7 1957
0.7 1958
0.9 1959
1.3 1960
1.5 1961
1.8 1962
1.2 1963
1.5 1964
1.4 1965
1.2 1966
0.6 1967
0.9 1968
0.8 1969
1.0 1970
0.8 1971
0.8 1972
0.8 1973
1.1 1974
1.0 1975
1.1 1976
0.8 1977
0.8 1978
0.5 1979
0.7 1980
0.8 1981
0.8 1982
1.3 1983
1.7 1984
1.7 1985
1.8 1986
1.7 1987
1.5 1988
1.8 1989
0.9 1990
1.0 1991
1.3 1992
1.3 1993
1.8 1994
1.4 1995
1.6 1996
1.8 1997
1.9 1998
1.3 1999
1.7 2000
1.3 2001
1.8 2002
0.8 2003
1.1 2004
1.0 2005
1.4 2006
1.3 2007
1.8 2008
1.9 2009
1.3 2010
1.7 2011
1.4 2012
0.7 2013
1.5 2014
1.1 2015
1.6 2016
1.5 2017
1.1 2018
1.7 2019
1.8 2020
1.1 2021
0.7 2022
0.5 2023
0.7 2024
1.0 2025
1.5 2026
1.3 2027
0.8 2028
0.9 2029
1.5 2030
1.8 2031
1.4 2032
0.6 2033
0.8 2034
0.8 2035
1.0 2036
1.0 2037
1.0 2038
0.9 2039
0.6 2040
0.7 2041
0.7 2042
1.0 2043
1.4 2044
1.1 2045
1.6 2046
1.5 2047
1.3 2048
1.2 2049
0.7 2050
0.8 2051
0.8 2052
1.2 2053
0.8 2054
1.3 2055
1.0 2056
1.0 2057
1.5 2058
1.2 2059
1.5 2060
1.5 2061
1.6 2062
1.6 2063
1.4 2064
1.2 2065
1.4 2066
1.4 2067
1.3 2068
1.2 2069
0.8 2070
0.9 2071
0.8 2072
0.8 2073
0.9 2074
0.7 2075
0.8 2076
0.6 2077
0.8 2078
0.6 2079
0.7 2080
0.9 2081
1.0 2082
0.8 2083
0.8 2084
0.9 2085
1.3 2086
1.5 2087
2.3 2088
2.2 2089
2.0 2090
2.3 2091
2.2 2092
1.8 2093
1.2 2094
2.0 2095
2.3 2096
2.0 2097
2.0 2098
2.2 2099
1.9 2100
1.5 2101
1.6 2102
1.6 2103
0.9 2104
0.7 2105
0.8 2106
0.7 2107
1.1 2108
1.2 2109
1.4 2110
1.4 2111
1.4 2112
1.7 2113
1.3 2114
1.6 2115
0.9 2116
0.9 2117
0.9 2118
1.8 2119
1.5 2120
1.9 2121
2.5 2122
1.9 2123
2.1 2124
1.6 2125
1.1 2126
1.8 2127
2.1 2128
2.0 2129
1.1 2130
1.9 2131
1.4 2132
1.5 2133
1.5 2134
1.2 2135
1.2 2136
1.2 2137
1.5 2138
1.8 2139
0.9 2140
2.1 2141
1.0 2142
1.2 2143
1.9 2144
1.5 2145
2.0 2146
1.7 2147
1.2 2148
1.9 2149
1.7 2150
1.3 2151
1.6 2152
1.7 2153
1.1 2154
1.5 2155
0.8 2156
1.0 2157
1.7 2158
1.8 2159
1.6 2160
1.9 2161
1.6 2162
1.2 2163
2.0 2164
0.8 2165
0.7 2166
0.8 2167
1.2 2168
0.9 2169
0.8 2170
0.8 2171
1.0 2172
1.2 2173
1.1 2174
1.0 2175
1.0 2176
1.2 2177
1.5 2178
1.0 2179
1.4 2180
0.8 2181
1.7 2182
1.7 2183
1.8 2184
1.0 2185
0.8 2186
0.8 2187
1.3 2188
1.2 2189
0.8 2190
0.7 2191
0.6 2192
0.5 2193
0.8 2194
0.7 2195
0.6 2196
0.7 2197
1.0 2198
0.9 2199
1.7 2200
1.1 2201
1.2 2202
0.8 2203
0.9 2204
1.4 2205
1.3 2206
1.1 2207
1.4 2208
1.4 2209
1.9 2210
2.0 2211
1.6 2212
1.1 2213
1.0 2214
1.6 2215
1.4 2216
1.2 2217
1.5 2218
1.4 2219
2.0 2220
0.7 2221
0.7 2222
0.6 2223
0.6 2224
0.8 2225
0.9 2226
1.1 2227
1.6 2228
1.1 2229
1.9 2230
2.0 2231
1.3 2232
1.4 2233
1.3 2234
1.6 2235
1.4 2236
1.7 2237
1.4 2238
0.7 2239
0.7 2240
1.2 2241
2.1 2242
1.2 2243
1.3 2244
1.0 2245
1.2 2246
1.6 2247
1.4 2248
1.5 2249
1.7 2250
0.8 2251
1.9 2252
0.9 2253
1.4 2254
1.3 2255
1.8 2256
0.9 2257
1.0 2258
1.8 2259
1.4 2260
1.4 2261
1.5 2262
0.9 2263
1.7 2264
1.6 2265
1.5 2266
1.2 2267
1.4 2268
1.5 2269
1.8 2270
1.4 2271
1.4 2272
1.0 2273
1.1 2274
0.8 2275
1.4 2276
0.9 2277
1.7 2278
1.6 2279
1.2 2280
1.6 2281
1.4 2282
1.4 2283
1.4 2284
0.9 2285
1.5 2286
0.8 2287
1.8 2288
2.2 2289
2.0 2290
2.2 2291
2.1 2292
2.0 2293
2.0 2294
2.0 2295
1.6 2296
1.1 2297
0.9 2298
0.8 2299
1.3 2300
1.7 2301
1.6 2302
1.2 2303
1.7 2304
1.7 2305
1.8 2306
1.4 2307
1.2 2308
1.6 2309
1.3 2310
0.9 2311
1.1 2312
1.0 2313
0.9 2314
0.9 2315
0.8 2316
0.8 2317
0.9 2318
0.9 2319
0.9 2320
1.1 2321
1.9 2322
1.5 2323
0.9 2324
1.7 2325
2.0 2326
1.8 2327
1.9 2328
1.8 2329
1.9 2330
1.7 2331
1.5 2332
1.2 2333
1.4 2334
1.5 2335
1.1 2336
1.8 2337
2.1 2338
1.4 2339
1.3 2340
2.1 2341
2.0 2342
1.7 2343
2.0 2344
1.5 2345
1.4 2346
1.4 2347
0.9 2348
1.3 2349
1.1 2350
1.4 2351
0.9 2352
1.5 2353
1.5 2354
1.8 2355
1.8 2356
1.8 2357
1.5 2358
1.2 2359
1.0 2360
1.9 2361
1.9 2362
1.8 2363
1.6 2364
1.7 2365
1.7 2366
1.6 2367
1.9 2368
2.0 2369
0.9 2370
2.0 2371
0.8 2372
1.6 2373
1.8 2374
1.6 2375
1.5 2376
1.7 2377
1.1 2378
1.5 2379
1.2 2380
1.5 2381
1.6 2382
1.8 2383
0.9 2384
0.8 2385
1.4 2386
1.3 2387
1.4 2388
1.9 2389
2.0 2390
1.7 2391
1.4 2392
1.2 2393
1.4 2394
1.7 2395
1.2 2396
1.9 2397
1.5 2398
1.4 2399
1.4 2400
1.5 2401
1.5 2402
1.7 2403
1.7 2404
2.0 2405
1.5 2406
1.4 2407
1.0 2408
1.7 2409
1.9 2410
1.8 2411
1.4 2412
2.1 2413
1.8 2414
1.1 2415
1.0 2416
0.7 2417
0.7 2418
0.7 2419
0.9 2420
1.9 2421
2.4 2422
1.0 2423
1.3 2424
1.8 2425
1.5 2426
1.2 2427
1.1 2428
0.8 2429
0.8 2430
1.2 2431
0.9 2432
1.0 2433
1.0 2434
1.0 2435
1.0 2436
1.0 2437
0.8 2438
1.0 2439
0.9 2440
1.5 2441
1.5 2442
0.6 2443
0.9 2444
1.5 2445
1.3 2446
1.6 2447
1.8 2448
1.2 2449
1.5 2450
1.8 2451
1.6 2452
1.8 2453
0.8 2454
1.8 2455
1.0 2456
1.2 2457
1.8 2458
1.2 2459
1.3 2460
0.8 2461
1.0 2462
1.3 2463
1.4 2464
1.2 2465
1.6 2466
1.6 2467
1.0 2468
1.3 2469
1.3 2470
1.1 2471
1.3 2472
1.6 2473
1.4 2474
1.5 2475
1.3 2476
0.9 2477
2.1 2478
2.1 2479
1.3 2480
1.6 2481
2.4 2482
1.8 2483
1.7 2484
1.4 2485
1.4 2486
1.4 2487
1.9 2488
1.9 2489
1.8 2490
1.8 2491
1.0 2492
1.4 2493
1.5 2494
1.8 2495
1.7 2496
1.1 2497
1.4 2498
1.5 2499
1.7 2500
1.7 2501
2.0 2502
1.0 2503
1.0 2504
2.0 2505
1.8 2506
2.0 2507
2.3 2508
1.9 2509
1.7 2510
2.0 2511
1.1 2512
1.7 2513
1.5 2514
1.0 2515
0.7 2516
0.9 2517
1.6 2518
1.6 2519
0.9 2520
1.6 2521
1.2 2522
1.6 2523
1.5 2524
0.8 2525
1.5 2526
1.5 2527
1.0 2528
1.8 2529
1.9 2530
1.9 2531
1.8 2532
1.3 2533
2.0 2534
1.4 2535
2.0 2536
1.3 2537
1.1 2538
1.8 2539
1.4 2540
1.8 2541
2.0 2542
1.3 2543
1.3 2544
1.7 2545
1.8 2546
1.9 2547
1.5 2548
1.6 2549
1.6 2550
1.8 2551
1.2 2552
1.6 2553
1.8 2554
1.7 2555
1.6 2556
1.5 2557
1.6 2558
1.7 2559
1.4 2560
1.6 2561
1.5 2562
2.0 2563
0.9 2564
1.1 2565
1.8 2566
1.9 2567
1.7 2568
1.6 2569
1.5 2570
1.4 2571
1.6 2572
1.6 2573
1.4 2574
1.5 2575
1.0 2576
1.6 2577
2.0 2578
1.1 2579
0.9 2580
1.1 2581
1.1 2582
1.0 2583
1.0 2584
1.2 2585
0.9 2586
1.2 2587
1.4 2588
1.3 2589
1.4 2590
1.2 2591
1.6 2592
1.2 2593
1.3 2594
1.7 2595
1.4 2596
1.2 2597
0.9 2598
0.9 2599
0.9 2600
1.0 2601
1.8 2602
1.8 2603
1.3 2604
0.9 2605
0.9 2606
0.9 2607
1.4 2608
1.0 2609
1.3 2610
0.8 2611
0.7 2612
0.9 2613
1.3 2614
1.8 2615
1.6 2616
1.0 2617
1.0 2618
1.2 2619
1.2 2620
1.4 2621
0.9 2622
1.0 2623
1.2 2624
1.2 2625
1.2 2626
1.0 2627
1.1 2628
1.0 2629
1.0 2630
1.6 2631
1.2 2632
1.3 2633
1.8 2634
0.9 2635
1.0 2636
1.1 2637
1.8 2638
1.4 2639
1.3 2640
0.9 2641
1.0 2642
1.0 2643
1.2 2644
1.1 2645
0.9 2646
1.1 2647
1.2 2648
1.3 2649
0.9 2650
1.2 2651
1.1 2652
1.5 2653
1.9 2654
1.6 2655
1.4 2656
2.0 2657
1.7 2658
1.8 2659
1.8 2660
1.6 2661
1.0 2662
1.4 2663
1.8 2664
1.9 2665
2.0 2666
1.9 2667
2.0 2668
1.9 2669
1.5 2670
1.0 2671
0.7 2672
0.8 2673
0.8 2674
0.9 2675
1.1 2676
1.0 2677
0.9 2678
1.0 2679
1.0 2680
1.0 2681
1.0 2682
0.9 2683
1.5 2684
1.1 2685
0.8 2686
1.4 2687
1.8 2688
2.0 2689
1.3 2690
1.5 2691
1.0 2692
1.2 2693
1.2 2694
1.5 2695
1.8 2696
1.5 2697
1.2 2698
1.2 2699
1.6 2700
1.9 2701
1.6 2702
2.1 2703
1.4 2704
1.5 2705
1.7 2706
0.8 2707
1.9 2708
1.1 2709
0.8 2710
1.0 2711
1.9 2712
1.8 2713
1.9 2714
1.9 2715
1.8 2716
1.6 2717
1.0 2718
1.2 2719
1.3 2720
1.4 2721
1.3 2722
0.9 2723
1.3 2724
1.6 2725
1.1 2726
1.5 2727
1.5 2728
0.9 2729
1.1 2730
1.6 2731
2.1 2732
1.7 2733
0.8 2734
1.9 2735
1.7 2736
1.9 2737
1.8 2738
0.7 2739
0.9 2740
0.8 2741
1.0 2742
2.1 2743
1.8 2744
1.4 2745
1.3 2746
1.9 2747
1.9 2748
2.0 2749
2.1 2750
2.0 2751
2.0 2752
1.8 2753
1.9 2754
1.3 2755
1.8 2756
1.0 2757
1.0 2758
1.2 2759
1.2 2760
1.0 2761
1.2 2762
1.4 2763
1.8 2764
1.7 2765
1.2 2766
1.2 2767
1.4 2768
1.2 2769
0.8 2770
0.9 2771
0.8 2772
1.5 2773
2.0 2774
1.8 2775
1.8 2776
1.9 2777
1.8 2778
1.1 2779
1.7 2780
2.3 2781
0.9 2782
1.1 2783
1.5 2784
1.9 2785
1.8 2786
2.1 2787
1.3 2788
1.2 2789
0.9 2790
1.7 2791
1.2 2792
1.0 2793
1.2 2794
2.1 2795
2.0 2796
1.5 2797
1.2 2798
1.3 2799
1.9 2800
2.1 2801
2.0 2802
1.3 2803
1.3 2804
1.2 2805
1.0 2806
1.6 2807
1.6 2808
1.5 2809
1.5 2810
1.7 2811
1.0 2812
1.5 2813
0.9 2814
2.0 2815
1.8 2816
1.8 2817
1.4 2818
1.7 2819
1.5 2820
1.8 2821
1.5 2822
2.1 2823
1.8 2824
2.1 2825
1.1 2826
2.1 2827
2.1 2828
1.7 2829
0.9 2830
1.9 2831
1.6 2832
1.8 2833
2.1 2834
1.9 2835
1.8 2836
1.9 2837
2.0 2838
1.3 2839
1.7 2840
2.4 2841
1.2 2842
2.2 2843
2.1 2844
2.2 2845
1.9 2846
1.7 2847
2.0 2848
1.9 2849
1.3 2850
1.8 2851
1.8 2852
1.3 2853
1.0 2854
1.8 2855
2.0 2856
1.7 2857
2.0 2858
1.5 2859
1.7 2860
1.9 2861
1.3 2862
1.0 2863
1.8 2864
1.6 2865
1.5 2866
1.6 2867
1.8 2868
1.4 2869
1.5 2870
2.1 2871
1.4 2872
1.8 2873
1.8 2874
1.5 2875
1.5 2876
1.0 2877
1.2 2878
1.8 2879
1.1 2880
1.0 2881
1.3 2882
0.8 2883
1.0 2884
1.0 2885
1.1 2886
0.8 2887
1.2 2888
0.9 2889
1.2 2890
1.5 2891
0.7 2892
1.5 2893
1.5 2894
1.0 2895
1.5 2896
0.7 2897
0.7 2898
1.4 2899
1.6 2900
1.5 2901
1.7 2902
2.0 2903
1.9 2904
1.9 2905
1.9 2906
1.1 2907
1.8 2908
2.0 2909
1.2 2910
1.6 2911
1.7 2912
1.6 2913
1.4 2914
1.5 2915
0.9 2916
1.0 2917
0.8 2918
0.8 2919
1.0 2920
1.0 2921
0.7 2922
0.7 2923
1.4 2924
0.9 2925
0.9 2926
1.3 2927
1.4 2928
1.6 2929
1.4 2930
1.7 2931
1.6 2932
1.9 2933
1.4 2934
1.7 2935
1.0 2936
1.0 2937
1.5 2938
1.5 2939
1.5 2940
1.9 2941
1.5 2942
2.0 2943
1.4 2944
1.6 2945
1.6 2946
1.3 2947
1.9 2948
1.0 2949
2.0 2950
1.9 2951
1.7 2952
2.0 2953
1.9 2954
2.3 2955
2.1 2956
2.1 2957
2.0 2958
2.0 2959
2.2 2960
2.6 2961
2.1 2962
2.2 2963
2.0 2964
2.0 2965
1.8 2966
2.2 2967
2.2 2968
2.1 2969
1.9 2970
2.0 2971
1.9 2972
1.8 2973
1.8 2974
2.3 2975
2.1 2976
1.8 2977
1.8 2978
2.1 2979
1.7 2980
2.1 2981
2.0 2982
1.8 2983
2.2 2984
2.0 2985
1.9 2986
2.0 2987
1.2 2988
0.9 2989
1.4 2990
1.3 2991
1.7 2992
2.0 2993
1.7 2994
2.2 2995
2.0 2996
1.0 2997
1.8 2998
1.9 2999
1.8 3000
1.8 3001
0.9 3002
1.5 3003
1.0 3004
1.9 3005
1.9 3006
1.9 3007
1.5 3008
1.6 3009
1.5 3010
1.8 3011
2.1 3012
2.2 3013
2.2 3014
2.0 3015
2.1 3016
1.9 3017
2.3 3018
1.9 3019
2.0 3020
2.1 3021
1.3 3022
2.0 3023
2.1 3024
1.7 3025
1.7 3026
2.0 3027
1.8 3028
1.7 3029
1.7 3030
1.7 3031
1.5 3032
0.9 3033
1.0 3034
0.9 3035
0.7 3036
0.6 3037
0.8 3038
0.9 3039
0.9 3040
0.9 3041
1.0 3042
1.4 3043
0.9 3044
1.7 3045
1.8 3046
1.8 3047
1.9 3048
1.5 3049
1.4 3050
0.8 3051
0.7 3052
0.9 3053
1.0 3054
1.0 3055
1.2 3056
1.1 3057
1.8 3058
1.6 3059
1.1 3060
0.9 3061
1.0 3062
1.3 3063
0.9 3064
0.8 3065
0.8 3066
0.7 3067
0.5 3068
0.5 3069
0.8 3070
0.6 3071
0.7 3072
0.7 3073
0.7 3074
1.1 3075
1.2 3076
0.9 3077
0.7 3078
1.0 3079
1.2 3080
2.4 3081
1.0 3082
1.6 3083
1.3 3084
0.6 3085
1.0 3086
1.2 3087
1.0 3088
2.0 3089
2.1 3090
2.1 3091
2.0 3092
2.0 3093
2.1 3094
1.9 3095
1.9 3096
2.1 3097
2.0 3098
2.1 3099
2.2 3100
2.0 3101
1.7 3102
2.3 3103
2.0 3104
2.2 3105
2.1 3106
2.2 3107
2.0 3108
1.7 3109
2.1 3110
2.4 3111
1.8 3112
2.1 3113
1.8 3114
1.6 3115
1.4 3116
1.9 3117
1.6 3118
1.9 3119
1.5 3120
1.7 3121
1.1 3122
1.9 3123
2.0 3124
2.5 3125
2.3 3126
2.1 3127
2.0 3128
2.0 3129
2.3 3130
2.2 3131
2.4 3132
2.4 3133
2.2 3134
1.9 3135
1.9 3136
1.8 3137
2.0 3138
2.1 3139
2.0 3140
2.6 3141
2.0 3142
2.0 3143
2.0 3144
2.0 3145
1.9 3146
2.4 3147
2.3 3148
1.5 3149
1.7 3150
1.5 3151
1.7 3152
1.9 3153
2.1 3154
2.2 3155
2.2 3156
2.0 3157
1.2 3158
1.4 3159
1.4 3160
1.6 3161
2.0 3162
2.1 3163
0.8 3164
0.7 3165
1.5 3166
2.0 3167
2.2 3168
2.4 3169
2.2 3170
2.0 3171
2.1 3172
2.3 3173
2.0 3174
2.3 3175
2.1 3176
2.0 3177
2.1 3178
2.2 3179
2.0 3180
2.0 3181
2.4 3182
1.8 3183
1.6 3184
2.1 3185
1.1 3186
1.6 3187
1.6 3188
1.6 3189
1.4 3190
1.7 3191
1.7 3192
1.8 3193
1.8 3194
1.6 3195
2.3 3196
1.6 3197
1.1 3198
1.0 3199
0.7 3200
1.5 3201
0.6 3202
0.6 3203
0.9 3204
0.8 3205
1.8 3206
1.1 3207
1.2 3208
0.7 3209
1.7 3210
0.9 3211
1.9 3212
1.9 3213
2.1 3214
2.1 3215
2.1 3216
2.0 3217
2.1 3218
2.1 3219
2.0 3220
2.1 3221
1.9 3222
2.2 3223
2.3 3224
2.2 3225
2.3 3226
2.0 3227
2.4 3228
2.3 3229
2.2 3230
2.1 3231
1.6 3232
2.3 3233
2.3 3234
2.4 3235
2.3 3236
2.3 3237
2.3 3238
2.3 3239
1.8 3240
2.1 3241
2.3 3242
2.2 3243
2.2 3244
2.2 3245
1.2 3246
1.0 3247
1.4 3248
0.9 3249
1.5 3250
2.0 3251
2.0 3252
1.2 3253
1.9 3254
1.9 3255
1.1 3256
1.1 3257
1.3 3258
1.5 3259
0.6 3260
2.0 3261
1.7 3262
1.8 3263
1.6 3264
1.6 3265
1.8 3266
1.5 3267
1.8 3268
1.0 3269
0.7 3270
0.8 3271
0.7 3272
1.1 3273
1.7 3274
1.4 3275
1.0 3276
0.9 3277
0.7 3278
0.9 3279
1.0 3280
0.8 3281
0.9 3282
1.0 3283
1.1 3284
2.0 3285
1.8 3286
1.3 3287
0.7 3288
1.3 3289
1.4 3290
0.9 3291
1.4 3292
1.5 3293
0.8 3294
1.0 3295
1.7 3296
1.8 3297
1.7 3298
2.0 3299
1.9 3300
1.8 3301
1.7 3302
1.1 3303
1.6 3304
1.5 3305
1.7 3306
2.1 3307
2.0 3308
1.8 3309
1.6 3310
1.7 3311
1.9 3312
2.0 3313
1.9 3314
2.1 3315
2.0 3316
1.7 3317
1.9 3318
1.1 3319
1.6 3320
2.1 3321
1.7 3322
2.3 3323
2.2 3324
2.2 3325
2.2 3326
2.6 3327
2.1 3328
2.1 3329
1.9 3330
1.6 3331
1.3 3332
1.5 3333
1.3 3334
0.7 3335
1.6 3336
1.4 3337
1.2 3338
2.1 3339
2.3 3340
1.8 3341
1.9 3342
1.8 3343
1.9 3344
1.8 3345
1.5 3346
1.4 3347
1.4 3348
1.8 3349
1.8 3350
1.7 3351
2.0 3352
0.9 3353
2.0 3354
1.6 3355
1.9 3356
1.6 3357
1.3 3358
1.8 3359
1.0 3360
1.2 3361
1.4 3362
2.0 3363
1.7 3364
1.7 3365
2.0 3366
0.9 3367
2.0 3368
2.0 3369
1.4 3370
0.9 3371
1.3 3372
1.8 3373
1.8 3374
1.3 3375
1.8 3376
1.4 3377
1.3 3378
1.6 3379
1.6 3380
2.1 3381
1.8 3382
1.8 3383
1.1 3384
1.5 3385
1.8 3386
1.9 3387
1.6 3388
1.7 3389
1.6 3390
1.8 3391
1.7 3392
1.5 3393
1.6 3394
1.7 3395
2.0 3396
1.6 3397
1.0 3398
1.9 3399
0.9 3400
1.0 3401
1.4 3402
1.2 3403
1.6 3404
1.8 3405
1.3 3406
1.5 3407
1.5 3408
1.2 3409
1.9 3410
1.1 3411
1.1 3412
1.2 3413
1.9 3414
0.8 3415
0.8 3416
1.7 3417
1.3 3418
1.7 3419
1.3 3420
1.0 3421
2.0 3422
1.9 3423
1.5 3424
1.6 3425
2.3 3426
0.9 3427
0.8 3428
1.7 3429
1.2 3430
1.2 3431
1.0 3432
1.8 3433
1.2 3434
1.7 3435
2.0 3436
1.7 3437
1.6 3438
2.0 3439
1.9 3440
1.9 3441
0.8 3442
0.7 3443
1.7 3444
1.5 3445
1.8 3446
1.9 3447
1.6 3448
1.6 3449
1.8 3450
1.2 3451
1.5 3452
0.7 3453
1.8 3454
1.1 3455
0.7 3456
1.6 3457
1.8 3458
1.4 3459
1.2 3460
1.2 3461
0.9 3462
1.2 3463
1.3 3464
1.1 3465
0.8 3466
0.9 3467
1.3 3468
1.1 3469
1.0 3470
1.2 3471
1.3 3472
0.7 3473
0.9 3474
1.0 3475
1.3 3476
1.4 3477
1.4 3478
1.6 3479
1.6 3480
1.7 3481
1.2 3482
1.8 3483
0.7 3484
1.2 3485
0.8 3486
1.0 3487
0.8 3488
0.7 3489
1.4 3490
1.2 3491
1.4 3492
1.8 3493
1.8 3494
1.1 3495
1.7 3496
1.0 3497
1.2 3498
0.8 3499
1.4 3500
2.6 3501
0.9 3502
1.1 3503
1.2 3504
1.0 3505
1.0 3506
2.0 3507
1.0 3508
1.8 3509
1.9 3510
2.2 3511
0.8 3512
0.9 3513
1.5 3514
1.0 3515
0.9 3516
0.9 3517
0.8 3518
1.0 3519
1.0 3520
0.8 3521
1.0 3522
1.3 3523
0.7 3524
1.2 3525
2.0 3526
2.0 3527
2.1 3528
1.4 3529
2.0 3530
1.0 3531
0.8 3532
0.8 3533
1.1 3534
0.6 3535
1.2 3536
1.1 3537
1.5 3538
1.4 3539
1.3 3540
1.6 3541
1.1 3542
0.8 3543
0.9 3544
0.6 3545
0.8 3546
1.1 3547
1.0 3548
1.8 3549
2.1 3550
2.1 3551
2.1 3552
1.9 3553
1.8 3554
1.8 3555
1.9 3556
1.8 3557
1.9 3558
1.8 3559
1.9 3560
2.3 3561
1.5 3562
1.7 3563
1.8 3564
2.0 3565
1.7 3566
1.8 3567
2.1 3568
1.8 3569
2.0 3570
1.6 3571
1.7 3572
1.7 3573
1.8 3574
1.4 3575
0.9 3576
0.8 3577
1.2 3578
1.8 3579
1.7 3580
2.1 3581
1.8 3582
2.0 3583
1.9 3584
2.0 3585
2.1 3586
1.4 3587
2.0 3588
1.9 3589
2.1 3590
2.1 3591
1.8 3592
1.9 3593
1.6 3594
1.3 3595
1.5 3596
1.5 3597
1.6 3598
1.7 3599
1.8 3600
2.0 3601
2.0 3602
1.9 3603
1.7 3604
1.7 3605
1.6 3606
1.1 3607
1.8 3608
1.5 3609
1.6 3610
1.9 3611
1.9 3612
1.7 3613
1.7 3614
1.8 3615
1.6 3616
2.0 3617
1.9 3618
1.9 3619
1.6 3620
2.5 3621
1.5 3622
1.3 3623
2.1 3624
2.0 3625
2.0 3626
1.8 3627
2.2 3628
1.9 3629
1.8 3630
1.8 3631
2.0 3632
1.3 3633
1.6 3634
1.7 3635
1.2 3636
1.0 3637
1.0 3638
0.9 3639
1.0 3640
0.9 3641
1.0 3642
0.9 3643
1.9 3644
1.0 3645
2.1 3646
2.0 3647
2.0 3648
1.8 3649
1.4 3650
1.9 3651
2.0 3652
1.8 3653
1.9 3654
2.1 3655
1.8 3656
1.8 3657
1.7 3658
1.9 3659
1.9 3660
2.0 3661
1.7 3662
2.0 3663
1.9 3664
1.8 3665
1.8 3666
1.6 3667
1.9 3668
1.9 3669
2.1 3670
2.0 3671
1.9 3672
2.0 3673
1.4 3674
1.3 3675
1.0 3676
1.4 3677
1.3 3678
1.5 3679
0.9 3680
2.1 3681
1.3 3682
1.0 3683
1.9 3684
1.3 3685
1.6 3686
1.8 3687
1.8 3688
1.2 3689
1.7 3690
2.0 3691
1.8 3692
1.2 3693
1.7 3694
2.1 3695
1.9 3696
2.2 3697
1.3 3698
2.0 3699
2.0 3700
1.7 3701
1.9 3702
1.1 3703
1.0 3704
1.9 3705
1.6 3706
1.4 3707
1.2 3708
1.9 3709
1.6 3710
0.9 3711
1.0 3712
1.2 3713
2.0 3714
1.6 3715
1.4 3716
