6 0
6 1
6 2
6 3
7 4
7 5
7 6
7 7
7 8
7 9
7 10
7 11
7 12
7 13
7 14
7 15
7 16
7 17
7 18
7 19
7 20
7 21
7 22
6 23
8 24
7 25
7 26
7 27
7 28
6 29
7 30
7 31
7 32
7 33
7 34
7 35
7 36
7 37
7 38
7 39
7 40
7 41
7 42
7 43
7 44
7 45
7 46
7 47
7 48
7 49
7 50
7 51
7 52
7 53
7 54
7 55
7 56
7 57
7 58
7 59
7 60
7 61
7 62
7 63
7 64
7 65
7 66
7 67
7 68
7 69
7 70
7 71
7 72
7 73
7 74
7 75
7 76
7 77
7 78
7 79
7 80
7 81
7 82
7 83
8 84
8 85
8 86
8 87
8 88
8 89
8 90
8 91
8 92
8 93
8 94
8 95
8 96
8 97
8 98
8 99
8 100
8 101
8 102
8 103
8 104
8 105
8 106
8 107
8 108
8 109
8 110
8 111
8 112
8 113
8 114
8 115
8 116
8 117
8 118
8 119
8 120
8 121
8 122
8 123
8 124
8 125
8 126
8 127
8 128
8 129
8 130
8 131
8 132
8 133
8 134
8 135
8 136
8 137
8 138
8 139
8 140
8 141
8 142
8 143
8 144
8 145
8 146
8 147
8 148
8 149
8 150
8 151
8 152
8 153
8 154
8 155
8 156
8 157
8 158
8 159
8 160
8 161
8 162
8 163
8 164
8 165
8 166
8 167
8 168
8 169
8 170
8 171
8 172
8 173
8 174
8 175
8 176
8 177
8 178
8 179
8 180
8 181
8 182
8 183
8 184
8 185
8 186
8 187
8 188
8 189
8 190
8 191
8 192
8 193
8 194
8 195
8 196
8 197
8 198
8 199
8 200
8 201
8 202
8 203
8 204
8 205
8 206
8 207
8 208
8 209
8 210
8 211
8 212
8 213
8 214
8 215
8 216
8 217
8 218
8 219
8 220
8 221
8 222
8 223
8 224
8 225
8 226
8 227
8 228
8 229
8 230
8 231
8 232
8 233
8 234
8 235
8 236
8 237
8 238
8 239
8 240
8 241
8 242
8 243
8 244
8 245
8 246
8 247
8 248
8 249
8 250
8 251
8 252
8 253
8 254
8 255
8 256
8 257
8 258
8 259
8 260
8 261
8 262
9 263
9 264
9 265
8 266
8 267
8 268
8 269
8 270
8 271
8 272
8 273
8 274
8 275
8 276
8 277
8 278
8 279
8 280
8 281
8 282
8 283
8 284
8 285
8 286
8 287
8 288
8 289
8 290
8 291
8 292
8 293
8 294
8 295
8 296
8 297
8 298
8 299
8 300
8 301
8 302
8 303
8 304
8 305
8 306
8 307
8 308
8 309
8 310
8 311
8 312
8 313
8 314
8 315
8 316
8 317
8 318
8 319
8 320
8 321
8 322
9 323
9 324
9 325
9 326
9 327
9 328
9 329
9 330
9 331
9 332
9 333
9 334
9 335
9 336
9 337
9 338
9 339
9 340
9 341
9 342
9 343
9 344
9 345
9 346
9 347
9 348
9 349
9 350
9 351
9 352
9 353
9 354
9 355
9 356
9 357
9 358
9 359
9 360
9 361
9 362
9 363
9 364
9 365
9 366
9 367
9 368
9 369
9 370
9 371
9 372
9 373
9 374
9 375
9 376
9 377
9 378
9 379
9 380
9 381
9 382
9 383
9 384
9 385
9 386
9 387
9 388
9 389
9 390
9 391
9 392
9 393
9 394
9 395
9 396
9 397
9 398
9 399
9 400
9 401
9 402
9 403
9 404
9 405
9 406
9 407
9 408
9 409
9 410
9 411
9 412
9 413
9 414
9 415
9 416
9 417
9 418
9 419
9 420
9 421
9 422
9 423
9 424
9 425
9 426
9 427
9 428
9 429
9 430
9 431
9 432
9 433
9 434
9 435
9 436
9 437
9 438
9 439
9 440
9 441
9 442
9 443
9 444
9 445
9 446
9 447
9 448
9 449
9 450
9 451
9 452
9 453
9 454
9 455
9 456
9 457
9 458
9 459
9 460
9 461
9 462
9 463
9 464
9 465
9 466
9 467
9 468
9 469
9 470
9 471
9 472
9 473
9 474
9 475
9 476
9 477
9 478
9 479
9 480
9 481
9 482
9 483
9 484
9 485
9 486
9 487
9 488
9 489
9 490
9 491
9 492
9 493
9 494
9 495
9 496
9 497
9 498
9 499
9 500
9 501
9 502
9 503
9 504
9 505
9 506
9 507
9 508
9 509
9 510
9 511
9 512
9 513
9 514
9 515
9 516
9 517
9 518
9 519
9 520
9 521
9 522
9 523
9 524
9 525
9 526
9 527
9 528
9 529
9 530
9 531
9 532
9 533
9 534
9 535
9 536
9 537
9 538
9 539
9 540
9 541
9 542
9 543
9 544
9 545
9 546
9 547
9 548
9 549
9 550
9 551
9 552
9 553
9 554
9 555
9 556
9 557
9 558
9 559
9 560
9 561
9 562
9 563
9 564
9 565
9 566
9 567
9 568
9 569
10 570
10 571
10 572
10 573
10 574
10 575
10 576
10 577
10 578
10 579
10 580
10 581
10 582
10 583
10 584
10 585
10 586
10 587
10 588
10 589
10 590
10 591
10 592
10 593
10 594
10 595
10 596
10 597
10 598
10 599
10 600
10 601
10 602
10 603
10 604
10 605
10 606
10 607
10 608
10 609
10 610
10 611
10 612
10 613
10 614
10 615
10 616
10 617
10 618
10 619
10 620
10 621
10 622
10 623
10 624
10 625
10 626
10 627
10 628
10 629
10 630
10 631
10 632
10 633
10 634
10 635
10 636
10 637
10 638
10 639
10 640
10 641
10 642
10 643
10 644
10 645
10 646
10 647
10 648
10 649
10 650
10 651
10 652
10 653
10 654
10 655
10 656
10 657
10 658
10 659
10 660
10 661
10 662
10 663
10 664
10 665
10 666
10 667
10 668
10 669
10 670
10 671
10 672
10 673
10 674
10 675
10 676
10 677
10 678
10 679
10 680
10 681
10 682
10 683
10 684
10 685
10 686
10 687
10 688
10 689
10 690
10 691
10 692
10 693
10 694
10 695
10 696
10 697
10 698
10 699
10 700
10 701
10 702
10 703
10 704
10 705
10 706
10 707
10 708
10 709
10 710
10 711
10 712
10 713
10 714
10 715
10 716
10 717
10 718
10 719
10 720
10 721
10 722
10 723
10 724
10 725
10 726
10 727
10 728
10 729
10 730
10 731
10 732
10 733
10 734
10 735
10 736
10 737
10 738
10 739
10 740
10 741
10 742
10 743
10 744
10 745
10 746
10 747
10 748
10 749
10 750
10 751
10 752
10 753
10 754
10 755
10 756
10 757
10 758
10 759
10 760
10 761
10 762
10 763
10 764
10 765
10 766
10 767
10 768
10 769
10 770
10 771
10 772
10 773
10 774
10 775
10 776
10 777
10 778
10 779
10 780
10 781
10 782
10 783
10 784
10 785
10 786
10 787
10 788
10 789
10 790
10 791
10 792
10 793
10 794
10 795
10 796
10 797
10 798
10 799
10 800
10 801
10 802
10 803
10 804
10 805
10 806
10 807
10 808
10 809
10 810
10 811
10 812
10 813
10 814
10 815
10 816
10 817
10 818
10 819
10 820
10 821
10 822
10 823
10 824
10 825
10 826
10 827
10 828
10 829
10 830
10 831
10 832
10 833
10 834
10 835
10 836
10 837
10 838
10 839
10 840
10 841
10 842
10 843
10 844
10 845
10 846
10 847
10 848
10 849
10 850
10 851
10 852
10 853
10 854
10 855
10 856
10 857
10 858
10 859
10 860
10 861
10 862
10 863
10 864
10 865
10 866
10 867
10 868
10 869
10 870
10 871
10 872
10 873
10 874
10 875
10 876
10 877
10 878
10 879
10 880
10 881
10 882
10 883
10 884
10 885
10 886
10 887
10 888
10 889
10 890
10 891
10 892
10 893
10 894
10 895
10 896
10 897
10 898
10 899
10 900
10 901
10 902
10 903
10 904
10 905
10 906
10 907
10 908
10 909
10 910
10 911
10 912
10 913
10 914
10 915
10 916
10 917
10 918
10 919
10 920
10 921
10 922
10 923
10 924
10 925
10 926
10 927
10 928
10 929
10 930
10 931
10 932
10 933
10 934
10 935
10 936
10 937
10 938
10 939
10 940
10 941
10 942
10 943
10 944
10 945
10 946
10 947
10 948
10 949
10 950
10 951
10 952
10 953
10 954
10 955
10 956
10 957
10 958
10 959
10 960
10 961
10 962
10 963
10 964
10 965
10 966
10 967
10 968
10 969
10 970
10 971
10 972
10 973
10 974
10 975
10 976
10 977
10 978
10 979
10 980
10 981
10 982
10 983
10 984
10 985
10 986
10 987
10 988
10 989
10 990
10 991
10 992
10 993
10 994
10 995
10 996
10 997
10 998
10 999
10 1000
10 1001
10 1002
10 1003
10 1004
10 1005
10 1006
10 1007
10 1008
10 1009
10 1010
10 1011
10 1012
10 1013
10 1014
10 1015
10 1016
10 1017
10 1018
10 1019
10 1020
10 1021
10 1022
10 1023
10 1024
10 1025
10 1026
10 1027
10 1028
10 1029
10 1030
10 1031
10 1032
10 1033
10 1034
10 1035
10 1036
10 1037
10 1038
10 1039
10 1040
10 1041
10 1042
10 1043
10 1044
10 1045
10 1046
10 1047
10 1048
10 1049
10 1050
10 1051
10 1052
10 1053
10 1054
10 1055
10 1056
10 1057
10 1058
10 1059
10 1060
10 1061
10 1062
10 1063
10 1064
10 1065
10 1066
10 1067
10 1068
10 1069
10 1070
10 1071
10 1072
10 1073
10 1074
10 1075
10 1076
10 1077
10 1078
10 1079
10 1080
10 1081
10 1082
33 1083
83 1084
121 1085
149 1086
170 1087
198 1088
226 1089
234 1090
265 1091
277 1092
301 1093
322 1094
363 1095
381 1096
415 1097
440 1098
469 1099
501 1100
515 1101
555 1102
570 1103
606 1104
623 1105
655 1106
666 1107
688 1108
708 1109
725 1110
673 1111
664 1112
561 1113
382 1114
388 1115
401 1116
405 1117
383 1118
206 1119
197 1120
137 1121
92 1122
84 1123
67 1124
81 1125
93 1126
113 1127
127 1128
144 1129
156 1130
179 1131
192 1132
210 1133
217 1134
238 1135
181 1136
188 1137
194 1138
129 1139
82 1140
84 1141
96 1142
107 1143
100 1144
105 1145
115 1146
124 1147
139 1148
159 1149
183 1150
201 1151
220 1152
241 1153
216 1154
196 1155
172 1156
183 1157
207 1158
216 1159
159 1160
172 1161
185 1162
213 1163
221 1164
199 1165
206 1166
207 1167
199 1168
94 1169
61 1170
66 1171
80 1172
95 1173
117 1174
128 1175
121 1176
121 1177
115 1178
123 1179
120 1180
126 1181
113 1182
88 1183
76 1184
75 1185
86 1186
90 1187
108 1188
130 1189
147 1190
149 1191
159 1192
183 1193
164 1194
145 1195
164 1196
187 1197
214 1198
251 1199
285 1200
284 1201
279 1202
312 1203
349 1204
386 1205
416 1206
443 1207
453 1208
428 1209
281 1210
268 1211
235 1212
280 1213
318 1214
354 1215
397 1216
436 1217
476 1218
442 1219
469 1220
501 1221
539 1222
582 1223
624 1224
643 1225
656 1226
535 1227
436 1228
442 1229
460 1230
477 1231
334 1232
322 1233
348 1234
336 1235
286 1236
281 1237
313 1238
339 1239
350 1240
365 1241
322 1242
327 1243
322 1244
330 1245
330 1246
294 1247
193 1248
181 1249
147 1250
104 1251
111 1252
142 1253
152 1254
170 1255
177 1256
209 1257
218 1258
248 1259
260 1260
290 1261
302 1262
332 1263
343 1264
365 1265
386 1266
431 1267
453 1268
454 1269
454 1270
450 1271
449 1272
445 1273
432 1274
432 1275
432 1276
432 1277
432 1278
432 1279
432 1280
422 1281
363 1282
315 1283
273 1284
46 1285
41 1286
41 1287
41 1288
41 1289
41 1290
41 1291
41 1292
41 1293
41 1294
41 1295
41 1296
41 1297
41 1298
39 1299
39 1300
38 1301
28 1302
28 1303
23 1304
23 1305
23 1306
23 1307
17 1308
15 1309
7 1310
6 1311
6 1312
6 1313
6 1314
6 1315
6 1316
6 1317
6 1318
6 1319
6 1320
6 1321
6 1322
5 1323
5 1324
5 1325
5 1326
5 1327
6 1328
6 1329
6 1330
6 1331
6 1332
6 1333
6 1334
6 1335
6 1336
6 1337
6 1338
6 1339
6 1340
6 1341
10 1342
10 1343
10 1344
10 1345
10 1346
10 1347
10 1348
10 1349
10 1350
10 1351
10 1352
10 1353
10 1354
10 1355
10 1356
10 1357
10 1358
10 1359
10 1360
10 1361
10 1362
10 1363
10 1364
10 1365
10 1366
10 1367
10 1368
10 1369
10 1370
10 1371
10 1372
10 1373
10 1374
10 1375
10 1376
10 1377
10 1378
10 1379
10 1380
10 1381
10 1382
10 1383
10 1384
10 1385
10 1386
10 1387
10 1388
10 1389
10 1390
10 1391
10 1392
10 1393
10 1394
10 1395
10 1396
10 1397
10 1398
10 1399
10 1400
10 1401
11 1402
11 1403
11 1404
11 1405
11 1406
11 1407
11 1408
11 1409
11 1410
11 1411
11 1412
11 1413
11 1414
11 1415
11 1416
11 1417
11 1418
11 1419
11 1420
11 1421
11 1422
11 1423
11 1424
11 1425
11 1426
11 1427
11 1428
11 1429
11 1430
11 1431
11 1432
11 1433
11 1434
11 1435
11 1436
11 1437
11 1438
11 1439
11 1440
11 1441
11 1442
11 1443
11 1444
11 1445
11 1446
11 1447
11 1448
11 1449
11 1450
11 1451
11 1452
11 1453
11 1454
11 1455
11 1456
11 1457
11 1458
11 1459
11 1460
11 1461
11 1462
11 1463
11 1464
11 1465
11 1466
11 1467
11 1468
11 1469
11 1470
11 1471
11 1472
10 1473
10 1474
9 1475
9 1476
9 1477
10 1478
10 1479
10 1480
10 1481
10 1482
10 1483
10 1484
10 1485
10 1486
6 1487
6 1488
6 1489
6 1490
6 1491
6 1492
6 1493
6 1494
6 1495
6 1496
6 1497
6 1498
6 1499
6 1500
6 1501
6 1502
6 1503
6 1504
6 1505
6 1506
6 1507
6 1508
6 1509
6 1510
6 1511
6 1512
6 1513
6 1514
6 1515
6 1516
6 1517
6 1518
6 1519
6 1520
6 1521
7 1522
7 1523
7 1524
7 1525
7 1526
7 1527
7 1528
7 1529
7 1530
7 1531
7 1532
7 1533
7 1534
7 1535
7 1536
7 1537
7 1538
7 1539
7 1540
7 1541
7 1542
7 1543
7 1544
7 1545
7 1546
7 1547
8 1548
8 1549
8 1550
8 1551
8 1552
8 1553
8 1554
8 1555
8 1556
8 1557
8 1558
8 1559
8 1560
8 1561
8 1562
8 1563
8 1564
8 1565
8 1566
8 1567
8 1568
8 1569
8 1570
8 1571
8 1572
8 1573
8 1574
8 1575
8 1576
8 1577
8 1578
8 1579
8 1580
8 1581
8 1582
8 1583
8 1584
8 1585
8 1586
8 1587
8 1588
7 1589
7 1590
7 1591
7 1592
7 1593
7 1594
7 1595
7 1596
7 1597
7 1598
7 1599
7 1600
7 1601
6 1602
5 1603
4 1604
4 1605
4 1606
4 1607
4 1608
4 1609
4 1610
4 1611
4 1612
4 1613
4 1614
4 1615
4 1616
4 1617
4 1618
4 1619
4 1620
4 1621
4 1622
4 1623
4 1624
4 1625
4 1626
4 1627
4 1628
4 1629
4 1630
4 1631
4 1632
4 1633
4 1634
4 1635
4 1636
4 1637
4 1638
4 1639
4 1640
4 1641
7 1642
7 1643
7 1644
7 1645
7 1646
7 1647
7 1648
7 1649
7 1650
7 1651
7 1652
7 1653
7 1654
7 1655
7 1656
7 1657
7 1658
7 1659
6 1660
6 1661
6 1662
6 1663
7 1664
7 1665
7 1666
7 1667
7 1668
7 1669
7 1670
7 1671
7 1672
6 1673
6 1674
6 1675
4 1676
3 1677
3 1678
3 1679
3 1680
3 1681
3 1682
3 1683
3 1684
3 1685
3 1686
3 1687
3 1688
3 1689
3 1690
3 1691
3 1692
3 1693
3 1694
3 1695
3 1696
3 1697
3 1698
3 1699
3 1700
3 1701
6 1702
6 1703
6 1704
6 1705
6 1706
6 1707
6 1708
6 1709
6 1710
6 1711
6 1712
6 1713
6 1714
6 1715
6 1716
6 1717
6 1718
6 1719
6 1720
3 1721
3 1722
3 1723
4 1724
4 1725
4 1726
4 1727
4 1728
4 1729
4 1730
4 1731
4 1732
4 1733
4 1734
4 1735
4 1736
4 1737
4 1738
4 1739
4 1740
4 1741
4 1742
4 1743
4 1744
4 1745
4 1746
4 1747
4 1748
4 1749
4 1750
4 1751
4 1752
4 1753
4 1754
4 1755
4 1756
4 1757
4 1758
4 1759
4 1760
4 1761
6 1762
6 1763
6 1764
6 1765
6 1766
6 1767
7 1768
7 1769
7 1770
7 1771
7 1772
7 1773
7 1774
7 1775
7 1776
7 1777
7 1778
7 1779
7 1780
7 1781
7 1782
7 1783
7 1784
7 1785
7 1786
7 1787
7 1788
7 1789
7 1790
7 1791
7 1792
7 1793
7 1794
7 1795
7 1796
7 1797
7 1798
7 1799
7 1800
7 1801
7 1802
7 1803
7 1804
7 1805
7 1806
7 1807
7 1808
7 1809
7 1810
7 1811
7 1812
7 1813
7 1814
7 1815
7 1816
7 1817
7 1818
7 1819
6 1820
6 1821
7 1822
7 1823
7 1824
7 1825
7 1826
7 1827
7 1828
7 1829
7 1830
7 1831
7 1832
7 1833
7 1834
4 1835
4 1836
4 1837
4 1838
4 1839
4 1840
4 1841
4 1842
4 1843
4 1844
4 1845
4 1846
4 1847
4 1848
3 1849
3 1850
3 1851
3 1852
3 1853
3 1854
3 1855
3 1856
3 1857
3 1858
3 1859
4 1860
4 1861
4 1862
4 1863
4 1864
4 1865
4 1866
4 1867
4 1868
4 1869
4 1870
4 1871
4 1872
4 1873
4 1874
4 1875
4 1876
4 1877
4 1878
4 1879
4 1880
4 1881
6 1882
6 1883
6 1884
6 1885
6 1886
6 1887
6 1888
6 1889
6 1890
6 1891
6 1892
6 1893
6 1894
6 1895
6 1896
6 1897
6 1898
6 1899
6 1900
6 1901
6 1902
6 1903
6 1904
6 1905
6 1906
6 1907
6 1908
6 1909
6 1910
6 1911
6 1912
6 1913
6 1914
6 1915
6 1916
6 1917
6 1918
6 1919
7 1920
7 1921
7 1922
7 1923
7 1924
7 1925
7 1926
7 1927
7 1928
7 1929
7 1930
7 1931
7 1932
7 1933
7 1934
7 1935
7 1936
7 1937
7 1938
7 1939
7 1940
7 1941
8 1942
8 1943
8 1944
8 1945
8 1946
8 1947
8 1948
8 1949
8 1950
8 1951
8 1952
8 1953
8 1954
8 1955
8 1956
8 1957
8 1958
8 1959
8 1960
8 1961
8 1962
8 1963
8 1964
8 1965
8 1966
8 1967
8 1968
8 1969
8 1970
8 1971
8 1972
8 1973
8 1974
8 1975
8 1976
8 1977
8 1978
8 1979
8 1980
8 1981
8 1982
8 1983
8 1984
8 1985
8 1986
8 1987
8 1988
8 1989
8 1990
8 1991
8 1992
8 1993
8 1994
8 1995
8 1996
8 1997
8 1998
8 1999
8 2000
8 2001
8 2002
8 2003
8 2004
8 2005
8 2006
8 2007
8 2008
8 2009
8 2010
8 2011
8 2012
7 2013
7 2014
7 2015
7 2016
7 2017
7 2018
7 2019
7 2020
7 2021
7 2022
7 2023
7 2024
7 2025
7 2026
7 2027
7 2028
7 2029
7 2030
7 2031
7 2032
7 2033
7 2034
7 2035
7 2036
7 2037
7 2038
7 2039
7 2040
5 2041
5 2042
5 2043
5 2044
5 2045
5 2046
5 2047
5 2048
5 2049
5 2050
5 2051
5 2052
5 2053
5 2054
5 2055
5 2056
5 2057
5 2058
5 2059
5 2060
5 2061
7 2062
7 2063
7 2064
7 2065
7 2066
7 2067
7 2068
7 2069
7 2070
7 2071
7 2072
6 2073
6 2074
6 2075
6 2076
6 2077
6 2078
6 2079
6 2080
4 2081
5 2082
5 2083
5 2084
5 2085
5 2086
5 2087
5 2088
5 2089
5 2090
5 2091
5 2092
5 2093
5 2094
5 2095
5 2096
5 2097
5 2098
5 2099
5 2100
4 2101
4 2102
4 2103
4 2104
4 2105
4 2106
4 2107
4 2108
4 2109
4 2110
4 2111
4 2112
4 2113
4 2114
4 2115
4 2116
4 2117
4 2118
4 2119
4 2120
4 2121
6 2122
6 2123
6 2124
6 2125
6 2126
6 2127
6 2128
7 2129
7 2130
7 2131
7 2132
7 2133
7 2134
7 2135
7 2136
7 2137
7 2138
7 2139
6 2140
6 2141
6 2142
6 2143
7 2144
7 2145
7 2146
7 2147
7 2148
7 2149
7 2150
7 2151
7 2152
7 2153
7 2154
7 2155
7 2156
7 2157
7 2158
7 2159
7 2160
7 2161
7 2162
7 2163
7 2164
6 2165
6 2166
6 2167
6 2168
6 2169
6 2170
6 2171
6 2172
6 2173
6 2174
6 2175
6 2176
6 2177
6 2178
6 2179
6 2180
6 2181
8 2182
8 2183
8 2184
8 2185
5 2186
5 2187
6 2188
6 2189
6 2190
6 2191
6 2192
6 2193
6 2194
6 2195
6 2196
6 2197
6 2198
6 2199
6 2200
6 2201
6 2202
6 2203
6 2204
6 2205
6 2206
6 2207
6 2208
6 2209
6 2210
6 2211
6 2212
6 2213
6 2214
6 2215
6 2216
6 2217
6 2218
6 2219
6 2220
3 2221
3 2222
3 2223
3 2224
3 2225
3 2226
3 2227
3 2228
3 2229
3 2230
3 2231
4 2232
4 2233
4 2234
4 2235
4 2236
4 2237
4 2238
4 2239
4 2240
4 2241
6 2242
6 2243
6 2244
6 2245
6 2246
6 2247
6 2248
6 2249
6 2250
6 2251
6 2252
6 2253
6 2254
6 2255
6 2256
6 2257
6 2258
6 2259
6 2260
6 2261
6 2262
6 2263
6 2264
6 2265
6 2266
6 2267
6 2268
6 2269
6 2270
6 2271
6 2272
6 2273
6 2274
6 2275
6 2276
6 2277
6 2278
6 2279
6 2280
6 2281
6 2282
6 2283
6 2284
6 2285
6 2286
6 2287
6 2288
6 2289
6 2290
6 2291
6 2292
6 2293
6 2294
6 2295
6 2296
6 2297
6 2298
6 2299
6 2300
6 2301
7 2302
7 2303
7 2304
7 2305
7 2306
7 2307
7 2308
7 2309
7 2310
7 2311
7 2312
7 2313
7 2314
7 2315
7 2316
7 2317
7 2318
7 2319
7 2320
7 2321
7 2322
7 2323
7 2324
7 2325
7 2326
7 2327
7 2328
7 2329
7 2330
7 2331
7 2332
7 2333
7 2334
7 2335
7 2336
7 2337
7 2338
7 2339
7 2340
7 2341
7 2342
7 2343
7 2344
7 2345
7 2346
7 2347
7 2348
7 2349
7 2350
7 2351
7 2352
7 2353
7 2354
7 2355
7 2356
7 2357
7 2358
7 2359
7 2360
7 2361
8 2362
8 2363
8 2364
8 2365
8 2366
8 2367
8 2368
8 2369
8 2370
8 2371
8 2372
8 2373
8 2374
8 2375
8 2376
8 2377
8 2378
8 2379
8 2380
8 2381
8 2382
8 2383
8 2384
8 2385
8 2386
8 2387
8 2388
8 2389
8 2390
8 2391
8 2392
8 2393
8 2394
8 2395
8 2396
8 2397
8 2398
8 2399
8 2400
8 2401
8 2402
8 2403
8 2404
8 2405
8 2406
8 2407
8 2408
8 2409
8 2410
8 2411
8 2412
8 2413
8 2414
8 2415
8 2416
8 2417
8 2418
8 2419
8 2420
8 2421
9 2422
9 2423
9 2424
9 2425
9 2426
9 2427
8 2428
8 2429
8 2430
8 2431
8 2432
8 2433
8 2434
7 2435
8 2436
8 2437
7 2438
7 2439
7 2440
8 2441
8 2442
6 2443
6 2444
6 2445
6 2446
6 2447
6 2448
6 2449
6 2450
6 2451
6 2452
6 2453
6 2454
6 2455
6 2456
6 2457
6 2458
6 2459
6 2460
6 2461
6 2462
6 2463
6 2464
6 2465
6 2466
6 2467
6 2468
6 2469
6 2470
6 2471
6 2472
6 2473
6 2474
6 2475
6 2476
6 2477
6 2478
6 2479
6 2480
6 2481
7 2482
7 2483
7 2484
7 2485
7 2486
7 2487
7 2488
7 2489
7 2490
7 2491
7 2492
7 2493
7 2494
7 2495
7 2496
7 2497
7 2498
7 2499
7 2500
7 2501
7 2502
7 2503
7 2504
7 2505
7 2506
7 2507
7 2508
7 2509
7 2510
7 2511
7 2512
7 2513
7 2514
7 2515
7 2516
7 2517
7 2518
7 2519
7 2520
7 2521
7 2522
7 2523
7 2524
7 2525
7 2526
7 2527
7 2528
7 2529
7 2530
7 2531
7 2532
7 2533
7 2534
7 2535
7 2536
7 2537
7 2538
7 2539
7 2540
7 2541
8 2542
8 2543
8 2544
8 2545
8 2546
8 2547
8 2548
8 2549
8 2550
8 2551
8 2552
8 2553
8 2554
8 2555
8 2556
8 2557
8 2558
8 2559
8 2560
8 2561
8 2562
8 2563
8 2564
8 2565
8 2566
8 2567
8 2568
8 2569
8 2570
8 2571
8 2572
8 2573
8 2574
8 2575
8 2576
8 2577
8 2578
8 2579
8 2580
8 2581
8 2582
8 2583
8 2584
8 2585
8 2586
8 2587
8 2588
8 2589
8 2590
8 2591
8 2592
8 2593
8 2594
8 2595
8 2596
8 2597
8 2598
8 2599
8 2600
8 2601
8 2602
8 2603
8 2604
8 2605
8 2606
8 2607
8 2608
8 2609
8 2610
8 2611
8 2612
8 2613
8 2614
8 2615
8 2616
8 2617
8 2618
8 2619
8 2620
8 2621
8 2622
8 2623
8 2624
8 2625
8 2626
8 2627
8 2628
8 2629
8 2630
8 2631
8 2632
8 2633
8 2634
8 2635
8 2636
8 2637
8 2638
8 2639
8 2640
8 2641
8 2642
8 2643
8 2644
8 2645
8 2646
8 2647
8 2648
8 2649
8 2650
8 2651
8 2652
8 2653
8 2654
8 2655
8 2656
8 2657
8 2658
8 2659
8 2660
8 2661
8 2662
8 2663
8 2664
8 2665
8 2666
8 2667
9 2668
9 2669
9 2670
9 2671
9 2672
9 2673
9 2674
8 2675
8 2676
8 2677
8 2678
8 2679
8 2680
8 2681
8 2682
8 2683
8 2684
8 2685
8 2686
8 2687
8 2688
8 2689
7 2690
7 2691
7 2692
7 2693
7 2694
7 2695
7 2696
7 2697
7 2698
7 2699
7 2700
7 2701
7 2702
7 2703
7 2704
7 2705
7 2706
7 2707
7 2708
7 2709
7 2710
7 2711
7 2712
7 2713
7 2714
7 2715
7 2716
7 2717
7 2718
7 2719
7 2720
8 2721
8 2722
8 2723
8 2724
8 2725
8 2726
8 2727
8 2728
8 2729
8 2730
8 2731
8 2732
8 2733
8 2734
8 2735
8 2736
8 2737
8 2738
8 2739
8 2740
8 2741
8 2742
8 2743
8 2744
8 2745
8 2746
8 2747
8 2748
8 2749
8 2750
8 2751
8 2752
8 2753
8 2754
8 2755
8 2756
8 2757
8 2758
8 2759
8 2760
8 2761
8 2762
8 2763
8 2764
8 2765
8 2766
8 2767
8 2768
8 2769
8 2770
8 2771
8 2772
8 2773
8 2774
8 2775
8 2776
8 2777
8 2778
8 2779
8 2780
7 2781
7 2782
7 2783
7 2784
7 2785
7 2786
7 2787
5 2788
5 2789
5 2790
5 2791
5 2792
5 2793
5 2794
5 2795
5 2796
5 2797
5 2798
5 2799
5 2800
6 2801
6 2802
6 2803
6 2804
6 2805
6 2806
6 2807
6 2808
6 2809
6 2810
6 2811
6 2812
6 2813
6 2814
6 2815
6 2816
6 2817
6 2818
6 2819
6 2820
6 2821
6 2822
6 2823
6 2824
6 2825
6 2826
6 2827
6 2828
6 2829
6 2830
6 2831
6 2832
6 2833
6 2834
6 2835
6 2836
6 2837
6 2838
6 2839
6 2840
8 2841
8 2842
8 2843
8 2844
8 2845
8 2846
8 2847
8 2848
8 2849
8 2850
8 2851
8 2852
8 2853
8 2854
8 2855
8 2856
8 2857
8 2858
8 2859
8 2860
8 2861
8 2862
8 2863
8 2864
8 2865
8 2866
8 2867
8 2868
8 2869
8 2870
8 2871
8 2872
8 2873
8 2874
8 2875
8 2876
8 2877
8 2878
8 2879
8 2880
8 2881
8 2882
8 2883
8 2884
8 2885
8 2886
8 2887
8 2888
7 2889
7 2890
7 2891
7 2892
7 2893
7 2894
7 2895
7 2896
7 2897
6 2898
6 2899
6 2900
8 2901
8 2902
8 2903
8 2904
8 2905
8 2906
8 2907
8 2908
8 2909
8 2910
8 2911
8 2912
8 2913
8 2914
8 2915
8 2916
7 2917
6 2918
6 2919
6 2920
6 2921
6 2922
6 2923
6 2924
6 2925
6 2926
6 2927
6 2928
6 2929
6 2930
6 2931
6 2932
6 2933
6 2934
6 2935
6 2936
6 2937
6 2938
6 2939
6 2940
6 2941
6 2942
6 2943
6 2944
6 2945
6 2946
5 2947
5 2948
5 2949
5 2950
5 2951
5 2952
5 2953
5 2954
5 2955
5 2956
5 2957
5 2958
5 2959
5 2960
6 2961
6 2962
6 2963
6 2964
6 2965
6 2966
6 2967
7 2968
7 2969
7 2970
7 2971
7 2972
7 2973
7 2974
7 2975
7 2976
7 2977
7 2978
7 2979
7 2980
7 2981
7 2982
7 2983
7 2984
7 2985
7 2986
7 2987
7 2988
7 2989
7 2990
7 2991
7 2992
7 2993
7 2994
7 2995
7 2996
7 2997
7 2998
7 2999
7 3000
7 3001
7 3002
7 3003
6 3004
6 3005
6 3006
6 3007
6 3008
6 3009
6 3010
6 3011
6 3012
6 3013
6 3014
6 3015
6 3016
6 3017
6 3018
6 3019
6 3020
7 3021
7 3022
7 3023
7 3024
7 3025
7 3026
7 3027
7 3028
7 3029
7 3030
7 3031
7 3032
7 3033
7 3034
7 3035
7 3036
7 3037
7 3038
7 3039
7 3040
7 3041
7 3042
7 3043
7 3044
7 3045
7 3046
7 3047
7 3048
7 3049
7 3050
7 3051
7 3052
7 3053
7 3054
7 3055
7 3056
7 3057
7 3058
7 3059
5 3060
5 3061
5 3062
5 3063
5 3064
5 3065
5 3066
5 3067
5 3068
4 3069
4 3070
4 3071
4 3072
4 3073
4 3074
4 3075
4 3076
4 3077
4 3078
4 3079
4 3080
6 3081
6 3082
6 3083
6 3084
6 3085
6 3086
7 3087
7 3088
7 3089
7 3090
7 3091
7 3092
7 3093
7 3094
7 3095
7 3096
7 3097
7 3098
7 3099
7 3100
7 3101
7 3102
7 3103
7 3104
7 3105
7 3106
7 3107
7 3108
7 3109
7 3110
7 3111
7 3112
7 3113
7 3114
7 3115
7 3116
7 3117
7 3118
7 3119
7 3120
7 3121
7 3122
7 3123
7 3124
7 3125
7 3126
7 3127
7 3128
7 3129
7 3130
7 3131
7 3132
7 3133
7 3134
7 3135
7 3136
7 3137
7 3138
7 3139
7 3140
8 3141
8 3142
8 3143
8 3144
8 3145
8 3146
8 3147
8 3148
8 3149
8 3150
8 3151
8 3152
8 3153
8 3154
8 3155
8 3156
8 3157
8 3158
8 3159
8 3160
8 3161
8 3162
8 3163
8 3164
8 3165
8 3166
8 3167
8 3168
8 3169
8 3170
8 3171
8 3172
8 3173
8 3174
8 3175
8 3176
8 3177
8 3178
8 3179
8 3180
8 3181
8 3182
8 3183
8 3184
8 3185
8 3186
8 3187
8 3188
8 3189
8 3190
8 3191
8 3192
8 3193
8 3194
8 3195
8 3196
8 3197
8 3198
8 3199
8 3200
9 3201
9 3202
8 3203
8 3204
8 3205
8 3206
9 3207
9 3208
9 3209
9 3210
9 3211
9 3212
9 3213
9 3214
9 3215
9 3216
9 3217
9 3218
9 3219
9 3220
9 3221
9 3222
9 3223
9 3224
9 3225
9 3226
9 3227
9 3228
9 3229
9 3230
9 3231
9 3232
9 3233
9 3234
9 3235
9 3236
9 3237
9 3238
9 3239
9 3240
9 3241
9 3242
9 3243
9 3244
9 3245
9 3246
9 3247
9 3248
9 3249
9 3250
9 3251
9 3252
9 3253
9 3254
9 3255
9 3256
9 3257
9 3258
9 3259
9 3260
9 3261
9 3262
9 3263
9 3264
9 3265
9 3266
9 3267
9 3268
9 3269
9 3270
9 3271
9 3272
9 3273
9 3274
9 3275
9 3276
9 3277
9 3278
9 3279
9 3280
9 3281
9 3282
9 3283
9 3284
9 3285
9 3286
9 3287
9 3288
9 3289
9 3290
9 3291
9 3292
9 3293
9 3294
9 3295
9 3296
9 3297
9 3298
9 3299
9 3300
9 3301
9 3302
9 3303
9 3304
9 3305
9 3306
9 3307
9 3308
9 3309
9 3310
9 3311
9 3312
9 3313
9 3314
9 3315
9 3316
9 3317
9 3318
9 3319
9 3320
9 3321
9 3322
9 3323
9 3324
9 3325
9 3326
9 3327
9 3328
9 3329
9 3330
9 3331
9 3332
9 3333
9 3334
9 3335
9 3336
9 3337
9 3338
9 3339
9 3340
9 3341
9 3342
10 3343
10 3344
10 3345
10 3346
10 3347
10 3348
10 3349
10 3350
10 3351
10 3352
10 3353
10 3354
10 3355
10 3356
10 3357
10 3358
10 3359
10 3360
10 3361
10 3362
10 3363
10 3364
10 3365
10 3366
10 3367
10 3368
10 3369
10 3370
10 3371
10 3372
10 3373
10 3374
10 3375
10 3376
10 3377
10 3378
10 3379
10 3380
10 3381
10 3382
10 3383
10 3384
10 3385
10 3386
10 3387
10 3388
10 3389
10 3390
10 3391
10 3392
10 3393
10 3394
10 3395
10 3396
10 3397
10 3398
10 3399
10 3400
10 3401
10 3402
10 3403
10 3404
10 3405
10 3406
10 3407
10 3408
10 3409
10 3410
10 3411
10 3412
10 3413
10 3414
10 3415
10 3416
10 3417
10 3418
10 3419
10 3420
10 3421
10 3422
10 3423
10 3424
10 3425
10 3426
10 3427
10 3428
10 3429
10 3430
10 3431
10 3432
10 3433
10 3434
10 3435
10 3436
10 3437
10 3438
10 3439
10 3440
10 3441
10 3442
10 3443
10 3444
10 3445
10 3446
10 3447
10 3448
10 3449
10 3450
10 3451
10 3452
10 3453
10 3454
10 3455
10 3456
10 3457
10 3458
10 3459
10 3460
10 3461
10 3462
10 3463
10 3464
10 3465
10 3466
10 3467
10 3468
10 3469
10 3470
10 3471
10 3472
10 3473
10 3474
10 3475
6 3476
5 3477
5 3478
5 3479
5 3480
5 3481
4 3482
4 3483
4 3484
4 3485
4 3486
4 3487
4 3488
4 3489
4 3490
4 3491
4 3492
4 3493
4 3494
3 3495
3 3496
3 3497
3 3498
3 3499
3 3500
6 3501
6 3502
6 3503
6 3504
6 3505
6 3506
6 3507
6 3508
6 3509
6 3510
6 3511
6 3512
6 3513
6 3514
6 3515
6 3516
6 3517
6 3518
6 3519
6 3520
6 3521
6 3522
6 3523
6 3524
6 3525
6 3526
6 3527
6 3528
6 3529
6 3530
6 3531
6 3532
6 3533
6 3534
6 3535
6 3536
6 3537
6 3538
6 3539
6 3540
6 3541
6 3542
6 3543
6 3544
6 3545
6 3546
6 3547
6 3548
6 3549
6 3550
6 3551
6 3552
6 3553
6 3554
6 3555
6 3556
6 3557
6 3558
6 3559
6 3560
6 3561
6 3562
6 3563
6 3564
6 3565
6 3566
6 3567
6 3568
6 3569
6 3570
6 3571
6 3572
6 3573
6 3574
6 3575
6 3576
6 3577
6 3578
6 3579
6 3580
6 3581
6 3582
6 3583
6 3584
6 3585
6 3586
6 3587
6 3588
6 3589
6 3590
6 3591
6 3592
6 3593
6 3594
6 3595
6 3596
6 3597
6 3598
6 3599
6 3600
6 3601
6 3602
6 3603
6 3604
6 3605
6 3606
6 3607
6 3608
6 3609
6 3610
6 3611
6 3612
6 3613
6 3614
6 3615
6 3616
6 3617
6 3618
6 3619
6 3620
7 3621
7 3622
7 3623
7 3624
7 3625
7 3626
7 3627
7 3628
7 3629
7 3630
7 3631
7 3632
7 3633
7 3634
7 3635
7 3636
7 3637
7 3638
7 3639
7 3640
7 3641
7 3642
7 3643
7 3644
7 3645
7 3646
7 3647
7 3648
7 3649
7 3650
7 3651
7 3652
7 3653
7 3654
7 3655
7 3656
7 3657
7 3658
7 3659
7 3660
7 3661
7 3662
7 3663
7 3664
7 3665
7 3666
7 3667
7 3668
7 3669
7 3670
7 3671
7 3672
7 3673
7 3674
7 3675
7 3676
7 3677
7 3678
7 3679
7 3680
8 3681
8 3682
8 3683
8 3684
8 3685
8 3686
8 3687
8 3688
8 3689
8 3690
8 3691
8 3692
8 3693
8 3694
8 3695
8 3696
8 3697
8 3698
8 3699
8 3700
8 3701
8 3702
8 3703
8 3704
8 3705
8 3706
8 3707
8 3708
8 3709
8 3710
8 3711
8 3712
8 3713
8 3714
8 3715
8 3716
